0 0.7509057971014492 0.52875 0.009963768115942028 0.01375
0 0.9619565217391305 0.54 0.010869565217391304 0.015
0 0.7137681159420289 0.55625 0.009963768115942028 0.01375
0 0.8858695652173914 0.58 0.009963768115942028 0.01375
0 0.8967391304347826 0.58125 0.009963768115942028 0.01375
0 0.7110507246376812 0.62375 0.010869565217391304 0.015
0 0.697463768115942 0.66 0.009963768115942028 0.01375
0 0.7355072463768116 0.67125 0.009963768115942028 0.01375
0 0.6567028985507246 0.67625 0.010869565217391304 0.015
0 0.7146739130434783 0.68875 0.009963768115942028 0.01375
0 0.9094202898550725 0.69 0.009963768115942028 0.01375
0 0.40851449275362317 0.69125 0.009963768115942028 0.01375
0 0.917572463768116 0.69125 0.009963768115942028 0.01375
0 0.8804347826086957 0.705 0.009963768115942028 0.01375
0 0.4338768115942029 0.70625 0.009963768115942028 0.01375
0 0.34057971014492755 0.71375 0.009963768115942028 0.01375
0 0.3596014492753623 0.715 0.009963768115942028 0.01375
0 0.6503623188405797 0.7175 0.009963768115942028 0.01375
0 0.322463768115942 0.72875 0.009963768115942028 0.01375
0 0.6077898550724637 0.75375 0.009963768115942028 0.01375
0 0.296195652173913 0.75875 0.010869565217391304 0.015
0 0.6286231884057971 0.76375 0.009963768115942028 0.01375
0 0.8913043478260869 0.76375 0.010869565217391304 0.015
0 0.48097826086956524 0.77625 0.009963768115942028 0.01375
0 0.8858695652173914 0.78375 0.009963768115942028 0.01375
0 0.483695652173913 0.78625 0.009963768115942028 0.01375
0 0.8795289855072463 0.8025 0.010869565217391304 0.015
0 0.5797101449275363 0.82125 0.009963768115942028 0.01375
0 0.8940217391304348 0.825 0.010869565217391304 0.015
0 0.9211956521739131 0.84625 0.010869565217391304 0.015
0 0.29347826086956524 0.85375 0.009963768115942028 0.01375
0 0.2545289855072464 0.86375 0.010869565217391304 0.015
0 0.32608695652173914 0.87 0.009963768115942028 0.01375
0 0.473731884057971 0.88125 0.009963768115942028 0.01375
0 0.34782608695652173 0.8825 0.009963768115942028 0.01375
0 0.6077898550724637 0.8925 0.010869565217391304 0.015
0 0.592391304347826 0.89375 0.010869565217391304 0.015
0 0.5398550724637681 0.9 0.009963768115942028 0.01375
0 0.39492753623188404 0.9075 0.010869565217391304 0.015
0 0.7527173913043478 0.90875 0.009963768115942028 0.01375
0 0.34601449275362317 0.92 0.010869565217391304 0.015
0 0.3179347826086957 0.92125 0.009963768115942028 0.01375
0 0.4302536231884058 0.935 0.009963768115942028 0.01375
0 0.3704710144927536 0.94125 0.009963768115942028 0.01375
0 0.7916666666666666 0.94125 0.010869565217391304 0.015
0 0.45652173913043476 0.94375 0.010869565217391304 0.015
0 0.6875 0.95375 0.010869565217391304 0.015
0 0.6059782608695652 0.95625 0.009963768115942028 0.01375
0 0.47101449275362317 0.96625 0.010869565217391304 0.015
0 0.6005434782608695 0.9675 0.010869565217391304 0.015
0 0.6422101449275363 0.9725 0.009963768115942028 0.01375
0 0.6603260869565217 0.98 0.009963768115942028 0.01375
