0 0.7264492753623188 0.5375 0.010869565217391304 0.015
0 0.9365942028985508 0.5475 0.009963768115942028 0.01375
0 0.7137681159420289 0.5525 0.010869565217391304 0.015
0 0.6893115942028986 0.62875 0.010869565217391304 0.015
0 0.6811594202898551 0.65125 0.010869565217391304 0.015
0 0.6367753623188406 0.6875 0.010869565217391304 0.015
0 0.3894927536231884 0.6975 0.010869565217391304 0.015
0 0.41757246376811596 0.71125 0.010869565217391304 0.015
0 0.8677536231884058 0.71125 0.010869565217391304 0.015
0 0.6376811594202898 0.7125 0.009963768115942028 0.01375
0 0.8677536231884058 0.7125 0.009963768115942028 0.01375
0 0.5932971014492754 0.76375 0.009963768115942028 0.01375
0 0.6186594202898551 0.76625 0.009963768115942028 0.01375
0 0.2907608695652174 0.7725 0.009963768115942028 0.01375
0 0.8695652173913043 0.79 0.009963768115942028 0.01375
0 0.8795289855072463 0.8175 0.009963768115942028 0.01375
0 0.5615942028985508 0.82625 0.009963768115942028 0.01375
0 0.884963768115942 0.82875 0.009963768115942028 0.01375
0 0.2708333333333333 0.86875 0.009963768115942028 0.01375
0 0.45742753623188404 0.8825 0.009963768115942028 0.01375
0 0.5226449275362319 0.9025 0.010869565217391304 0.015
0 0.7373188405797102 0.915 0.009963768115942028 0.01375
0 0.3822463768115942 0.9225 0.009963768115942028 0.01375
0 0.3115942028985507 0.93 0.010869565217391304 0.015
0 0.322463768115942 0.9325 0.009963768115942028 0.01375
0 0.7807971014492754 0.9375 0.010869565217391304 0.015
0 0.4121376811594203 0.93875 0.009963768115942028 0.01375
0 0.35778985507246375 0.955 0.010869565217391304 0.015
0 0.447463768115942 0.955 0.009963768115942028 0.01375
0 0.453804347826087 0.9725 0.009963768115942028 0.01375
0 0.6240942028985508 0.985 0.009963768115942028 0.01375
