0 0.9166666666666666 0.54875 0.010869565217391304 0.015
0 0.384963768115942 0.7075 0.010869565217391304 0.015
0 0.4003623188405797 0.71375 0.009963768115942028 0.01375
0 0.401268115942029 0.71375 0.009963768115942028 0.01375
0 0.8586956521739131 0.72125 0.009963768115942028 0.01375
0 0.6096014492753623 0.76625 0.010869565217391304 0.015
0 0.5851449275362319 0.77375 0.009963768115942028 0.01375
0 0.2826086956521739 0.7875 0.009963768115942028 0.01375
0 0.8541666666666666 0.7875 0.009963768115942028 0.01375
0 0.5534420289855072 0.83125 0.009963768115942028 0.01375
0 0.447463768115942 0.89375 0.009963768115942028 0.01375
0 0.5117753623188406 0.89875 0.010869565217391304 0.015
0 0.7219202898550725 0.92875 0.009963768115942028 0.01375
0 0.3813405797101449 0.94125 0.010869565217391304 0.015
0 0.7717391304347826 0.94125 0.009963768115942028 0.01375
0 0.39855072463768115 0.94625 0.009963768115942028 0.01375
