0 0.9909420289855072 0.455 0.009963768115942028 0.01375
0 0.9039855072463768 0.5475 0.010869565217391304 0.015
0 0.8478260869565217 0.7275 0.009963768115942028 0.01375
0 0.5969202898550725 0.76625 0.010869565217391304 0.015
0 0.5806159420289855 0.77375 0.010869565217391304 0.015
0 0.8414855072463768 0.77375 0.009963768115942028 0.01375
0 0.2726449275362319 0.7925 0.010869565217391304 0.015
0 0.5416666666666666 0.835 0.009963768115942028 0.01375
0 0.4963768115942029 0.8925 0.009963768115942028 0.01375
0 0.4429347826086957 0.89375 0.009963768115942028 0.01375
0 0.720108695652174 0.94 0.009963768115942028 0.01375
0 0.7663043478260869 0.9475 0.009963768115942028 0.01375
0 0.3523550724637681 0.98 0.009963768115942028 0.01375
