0 0.9818840579710145 0.44875 0.010869565217391304 0.015
0 0.8885869565217391 0.53375 0.009963768115942028 0.01375
0 0.8396739130434783 0.73 0.010869565217391304 0.015
0 0.8378623188405797 0.74875 0.009963768115942028 0.01375
0 0.26811594202898553 0.80125 0.009963768115942028 0.01375
0 0.529891304347826 0.82625 0.009963768115942028 0.01375
0 0.4882246376811594 0.8875 0.009963768115942028 0.01375
0 0.44021739130434784 0.89 0.010869565217391304 0.015
0 0.7110507246376812 0.9375 0.010869565217391304 0.015
0 0.7644927536231884 0.94875 0.009963768115942028 0.01375
