0 0.3125 0.02375 0.009963768115942028 0.01375
0 0.6485507246376812 0.03 0.010869565217391304 0.015
0 0.7898550724637681 0.03375 0.010869565217391304 0.015
0 0.29257246376811596 0.045 0.009963768115942028 0.01375
0 0.7545289855072463 0.0525 0.009963768115942028 0.01375
0 0.654891304347826 0.06 0.009963768115942028 0.01375
0 0.5443840579710145 0.07375 0.010869565217391304 0.015
0 0.401268115942029 0.075 0.009963768115942028 0.01375
0 0.5135869565217391 0.075 0.009963768115942028 0.01375
0 0.8478260869565217 0.09375 0.009963768115942028 0.01375
0 0.7472826086956522 0.1 0.009963768115942028 0.01375
0 0.4692028985507246 0.1025 0.009963768115942028 0.01375
0 0.4692028985507246 0.10375 0.009963768115942028 0.01375
0 0.2708333333333333 0.1125 0.009963768115942028 0.01375
0 0.3894927536231884 0.115 0.009963768115942028 0.01375
0 0.8061594202898551 0.12125 0.009963768115942028 0.01375
0 0.3333333333333333 0.135 0.009963768115942028 0.01375
0 0.6956521739130435 0.1425 0.009963768115942028 0.01375
0 0.36141304347826086 0.17125 0.009963768115942028 0.01375
0 0.5797101449275363 0.1725 0.009963768115942028 0.01375
0 0.3161231884057971 0.17375 0.009963768115942028 0.01375
0 0.3088768115942029 0.18375 0.010869565217391304 0.015
0 0.5507246376811594 0.19 0.009963768115942028 0.01375
0 0.7436594202898551 0.19 0.009963768115942028 0.01375
0 0.8768115942028986 0.20125 0.009963768115942028 0.01375
0 0.6286231884057971 0.20625 0.010869565217391304 0.015
0 0.421195652173913 0.2125 0.009963768115942028 0.01375
0 0.5452898550724637 0.215 0.009963768115942028 0.01375
0 0.3894927536231884 0.21625 0.010869565217391304 0.015
0 0.5715579710144928 0.22125 0.009963768115942028 0.01375
0 0.6259057971014492 0.225 0.009963768115942028 0.01375
0 0.6938405797101449 0.23125 0.009963768115942028 0.01375
0 0.41394927536231885 0.24875 0.009963768115942028 0.01375
0 0.3242753623188406 0.2525 0.009963768115942028 0.01375
0 0.7472826086956522 0.25375 0.009963768115942028 0.01375
0 0.8777173913043478 0.26625 0.010869565217391304 0.015
0 0.2807971014492754 0.27375 0.010869565217391304 0.015
0 0.259963768115942 0.28 0.009963768115942028 0.01375
0 0.6965579710144928 0.2825 0.010869565217391304 0.015
0 0.31521739130434784 0.28875 0.009963768115942028 0.01375
0 0.5670289855072463 0.28875 0.009963768115942028 0.01375
0 0.7382246376811594 0.29 0.009963768115942028 0.01375
0 0.15217391304347827 0.3 0.009963768115942028 0.01375
0 0.5335144927536232 0.3025 0.009963768115942028 0.01375
0 0.23007246376811594 0.30625 0.009963768115942028 0.01375
0 0.8867753623188406 0.3075 0.009963768115942028 0.01375
0 0.6068840579710145 0.31625 0.009963768115942028 0.01375
0 0.7373188405797102 0.32 0.009963768115942028 0.01375
0 0.6938405797101449 0.3275 0.009963768115942028 0.01375
0 0.16394927536231885 0.3325 0.009963768115942028 0.01375
0 0.980072463768116 0.33625 0.009963768115942028 0.01375
0 0.7318840579710145 0.34125 0.010869565217391304 0.015
0 0.1721014492753623 0.345 0.010869565217391304 0.015
0 0.5697463768115942 0.35 0.010869565217391304 0.015
0 0.9094202898550725 0.355 0.009963768115942028 0.01375
0 0.5606884057971014 0.35875 0.009963768115942028 0.01375
0 0.7228260869565217 0.365 0.010869565217391304 0.015
0 0.9257246376811594 0.3675 0.009963768115942028 0.01375
0 0.9773550724637681 0.3675 0.009963768115942028 0.01375
0 0.7219202898550725 0.385 0.010869565217391304 0.015
0 0.5018115942028986 0.395 0.010869565217391304 0.015
0 0.1539855072463768 0.4025 0.010869565217391304 0.015
0 0.6702898550724637 0.4025 0.009963768115942028 0.01375
0 0.7807971014492754 0.40375 0.010869565217391304 0.015
0 0.1621376811594203 0.405 0.009963768115942028 0.01375
0 0.6485507246376812 0.415 0.009963768115942028 0.01375
0 0.3967391304347826 0.4175 0.009963768115942028 0.01375
0 0.7780797101449275 0.42125 0.009963768115942028 0.01375
0 0.5498188405797102 0.4225 0.010869565217391304 0.015
0 0.4447463768115942 0.42375 0.010869565217391304 0.015
0 0.20652173913043478 0.42625 0.009963768115942028 0.01375
0 0.5597826086956522 0.43125 0.009963768115942028 0.01375
0 0.39492753623188404 0.44 0.009963768115942028 0.01375
0 0.21557971014492755 0.4425 0.009963768115942028 0.01375
0 0.5751811594202898 0.445 0.009963768115942028 0.01375
0 0.2318840579710145 0.465 0.009963768115942028 0.01375
0 0.25905797101449274 0.465 0.009963768115942028 0.01375
0 0.6684782608695652 0.46875 0.010869565217391304 0.015
0 0.33061594202898553 0.47125 0.010869565217391304 0.015
0 0.41032608695652173 0.4825 0.010869565217391304 0.015
0 0.7735507246376812 0.4875 0.009963768115942028 0.01375
0 0.21829710144927536 0.5275 0.009963768115942028 0.01375
0 0.6585144927536232 0.53 0.010869565217391304 0.015
0 0.9556159420289855 0.53 0.009963768115942028 0.01375
0 0.9692028985507246 0.53375 0.009963768115942028 0.01375
0 0.20742753623188406 0.535 0.010869565217391304 0.015
0 0.7581521739130435 0.54375 0.009963768115942028 0.01375
0 0.3759057971014493 0.54875 0.009963768115942028 0.01375
0 0.7536231884057971 0.56375 0.009963768115942028 0.01375
0 0.9030797101449275 0.56375 0.010869565217391304 0.015
0 0.29891304347826086 0.585 0.009963768115942028 0.01375
0 0.9184782608695652 0.585 0.010869565217391304 0.015
0 0.9347826086956522 0.59 0.009963768115942028 0.01375
0 0.2708333333333333 0.6 0.010869565217391304 0.015
0 0.9818840579710145 0.6 0.009963768115942028 0.01375
0 0.29981884057971014 0.61125 0.010869565217391304 0.015
0 0.2708333333333333 0.61375 0.010869565217391304 0.015
0 0.5588768115942029 0.615 0.009963768115942028 0.01375
0 0.5081521739130435 0.62 0.009963768115942028 0.01375
0 0.4257246376811594 0.6275 0.010869565217391304 0.015
0 0.5344202898550725 0.6325 0.010869565217391304 0.015
0 0.6277173913043478 0.635 0.009963768115942028 0.01375
0 0.5652173913043478 0.6375 0.009963768115942028 0.01375
0 0.3007246376811594 0.64125 0.009963768115942028 0.01375
0 0.39492753623188404 0.64375 0.010869565217391304 0.015
0 0.27898550724637683 0.6475 0.009963768115942028 0.01375
0 0.8876811594202898 0.6525 0.009963768115942028 0.01375
0 0.7291666666666666 0.6575 0.010869565217391304 0.015
0 0.44021739130434784 0.66125 0.009963768115942028 0.01375
0 0.9230072463768116 0.6625 0.009963768115942028 0.01375
0 0.5353260869565217 0.66875 0.010869565217391304 0.015
0 0.24456521739130435 0.675 0.010869565217391304 0.015
0 0.5018115942028986 0.68 0.010869565217391304 0.015
0 0.23278985507246377 0.68625 0.010869565217391304 0.015
0 0.39221014492753625 0.68875 0.009963768115942028 0.01375
0 0.7382246376811594 0.68875 0.010869565217391304 0.015
0 0.7527173913043478 0.69 0.010869565217391304 0.015
0 0.5960144927536232 0.6925 0.009963768115942028 0.01375
0 0.45471014492753625 0.695 0.010869565217391304 0.015
0 0.3070652173913043 0.6975 0.009963768115942028 0.01375
0 0.8269927536231884 0.70125 0.010869565217391304 0.015
0 0.5778985507246377 0.71875 0.010869565217391304 0.015
0 0.16666666666666666 0.72875 0.009963768115942028 0.01375
0 0.5634057971014492 0.73125 0.010869565217391304 0.015
0 0.27445652173913043 0.74375 0.009963768115942028 0.01375
0 0.23550724637681159 0.74875 0.009963768115942028 0.01375
0 0.20471014492753623 0.7525 0.009963768115942028 0.01375
0 0.26268115942028986 0.755 0.010869565217391304 0.015
0 0.5452898550724637 0.76125 0.009963768115942028 0.01375
0 0.37318840579710144 0.7825 0.010869565217391304 0.015
0 0.9266304347826086 0.78625 0.009963768115942028 0.01375
0 0.31068840579710144 0.7875 0.010869565217391304 0.015
0 0.29981884057971014 0.79 0.010869565217391304 0.015
0 0.49094202898550726 0.8125 0.009963768115942028 0.01375
0 0.2554347826086957 0.81375 0.010869565217391304 0.015
0 0.6567028985507246 0.82625 0.009963768115942028 0.01375
0 0.4384057971014493 0.84375 0.009963768115942028 0.01375
0 0.644927536231884 0.84625 0.009963768115942028 0.01375
0 0.7382246376811594 0.8525 0.009963768115942028 0.01375
0 0.5317028985507246 0.8875 0.009963768115942028 0.01375
0 0.6875 0.88875 0.009963768115942028 0.01375
0 0.3795289855072464 0.8975 0.009963768115942028 0.01375
0 0.6621376811594203 0.9075 0.009963768115942028 0.01375
0 0.5778985507246377 0.91 0.009963768115942028 0.01375
0 0.6213768115942029 0.91375 0.009963768115942028 0.01375
0 0.5009057971014492 0.9225 0.009963768115942028 0.01375
0 0.6403985507246377 0.92375 0.009963768115942028 0.01375
0 0.3822463768115942 0.9425 0.009963768115942028 0.01375
0 0.7916666666666666 0.94375 0.009963768115942028 0.01375
0 0.7083333333333334 0.9475 0.009963768115942028 0.01375
0 0.582427536231884 0.94875 0.010869565217391304 0.015
0 0.4329710144927536 0.9525 0.009963768115942028 0.01375
0 0.6422101449275363 0.95625 0.009963768115942028 0.01375
0 0.5172101449275363 0.9675 0.010869565217391304 0.015
0 0.7862318840579711 0.975 0.009963768115942028 0.01375
0 0.4583333333333333 0.97625 0.009963768115942028 0.01375
0 0.384963768115942 0.98 0.010869565217391304 0.015
0 0.5235507246376812 0.99 0.009963768115942028 0.01375
