0 0.5153985507246377 0.0675 0.009963768115942028 0.01375
0 0.4076086956521739 0.07125 0.009963768115942028 0.01375
0 0.5498188405797102 0.07375 0.009963768115942028 0.01375
0 0.48097826086956524 0.07875 0.009963768115942028 0.01375
0 0.8532608695652174 0.0875 0.009963768115942028 0.01375
0 0.8233695652173914 0.0975 0.009963768115942028 0.01375
0 0.29257246376811596 0.09875 0.009963768115942028 0.01375
0 0.6911231884057971 0.13875 0.009963768115942028 0.01375
0 0.33967391304347827 0.1475 0.009963768115942028 0.01375
0 0.35507246376811596 0.1575 0.010869565217391304 0.015
0 0.7436594202898551 0.17 0.009963768115942028 0.01375
0 0.8795289855072463 0.2025 0.009963768115942028 0.01375
0 0.6947463768115942 0.2325 0.010869565217391304 0.015
0 0.7418478260869565 0.23375 0.010869565217391304 0.015
0 0.7038043478260869 0.27 0.010869565217391304 0.015
0 0.8858695652173914 0.27125 0.009963768115942028 0.01375
0 0.7382246376811594 0.28 0.010869565217391304 0.015
0 0.5380434782608695 0.2825 0.009963768115942028 0.01375
0 0.6059782608695652 0.2875 0.009963768115942028 0.01375
0 0.8922101449275363 0.2875 0.009963768115942028 0.01375
0 0.5715579710144928 0.29 0.009963768115942028 0.01375
0 0.23369565217391305 0.295 0.010869565217391304 0.015
0 0.1539855072463768 0.3025 0.010869565217391304 0.015
0 0.13496376811594202 0.31375 0.009963768115942028 0.01375
0 0.6902173913043478 0.32125 0.009963768115942028 0.01375
0 0.9221014492753623 0.33875 0.010869565217391304 0.015
0 0.7210144927536232 0.3525 0.009963768115942028 0.01375
0 0.7228260869565217 0.375 0.009963768115942028 0.01375
0 0.6711956521739131 0.3825 0.010869565217391304 0.015
0 0.5027173913043478 0.40125 0.009963768115942028 0.01375
0 0.6530797101449275 0.40125 0.009963768115942028 0.01375
0 0.4483695652173913 0.40375 0.009963768115942028 0.01375
0 0.40851449275362317 0.40625 0.010869565217391304 0.015
0 0.5769927536231884 0.44375 0.009963768115942028 0.01375
0 0.6693840579710145 0.46 0.009963768115942028 0.01375
0 0.3342391304347826 0.46625 0.009963768115942028 0.01375
0 0.411231884057971 0.4825 0.009963768115942028 0.01375
0 0.7771739130434783 0.50125 0.009963768115942028 0.01375
0 0.6603260869565217 0.50375 0.009963768115942028 0.01375
0 0.3759057971014493 0.51875 0.009963768115942028 0.01375
0 0.5144927536231884 0.625 0.009963768115942028 0.01375
0 0.6358695652173914 0.63 0.010869565217391304 0.015
0 0.5072463768115942 0.65625 0.009963768115942028 0.01375
0 0.5942028985507246 0.68 0.009963768115942028 0.01375
0 0.8215579710144928 0.68125 0.010869565217391304 0.015
0 0.45742753623188404 0.68625 0.009963768115942028 0.01375
0 0.302536231884058 0.695 0.009963768115942028 0.01375
0 0.18115942028985507 0.725 0.010869565217391304 0.015
0 0.2056159420289855 0.73375 0.009963768115942028 0.01375
0 0.23641304347826086 0.7375 0.010869565217391304 0.015
0 0.6938405797101449 0.75 0.010869565217391304 0.015
0 0.3795289855072464 0.77125 0.009963768115942028 0.01375
0 0.4855072463768116 0.7925 0.009963768115942028 0.01375
0 0.26992753623188404 0.80875 0.009963768115942028 0.01375
0 0.6476449275362319 0.8275 0.009963768115942028 0.01375
0 0.44021739130434784 0.8425 0.010869565217391304 0.015
0 0.5344202898550725 0.88 0.009963768115942028 0.01375
0 0.6893115942028986 0.89 0.010869565217391304 0.015
0 0.6666666666666666 0.895 0.010869565217391304 0.015
0 0.3786231884057971 0.9 0.009963768115942028 0.01375
0 0.509963768115942 0.90375 0.009963768115942028 0.01375
0 0.7192028985507246 0.945 0.009963768115942028 0.01375
