0 0.7554347826086957 0.05875 0.009963768115942028 0.01375
0 0.4057971014492754 0.0725 0.010869565217391304 0.015
0 0.5144927536231884 0.075 0.009963768115942028 0.01375
0 0.5461956521739131 0.07625 0.010869565217391304 0.015
0 0.7445652173913043 0.08 0.010869565217391304 0.015
0 0.47644927536231885 0.09125 0.010869565217391304 0.015
0 0.855072463768116 0.09125 0.010869565217391304 0.015
0 0.8152173913043478 0.105 0.009963768115942028 0.01375
0 0.27898550724637683 0.10625 0.009963768115942028 0.01375
0 0.6920289855072463 0.1325 0.009963768115942028 0.01375
0 0.33242753623188404 0.14625 0.009963768115942028 0.01375
0 0.358695652173913 0.16375 0.009963768115942028 0.01375
0 0.7445652173913043 0.18625 0.009963768115942028 0.01375
0 0.8804347826086957 0.19375 0.009963768115942028 0.01375
0 0.4048913043478261 0.20875 0.009963768115942028 0.01375
0 0.41304347826086957 0.2125 0.009963768115942028 0.01375
0 0.6965579710144928 0.2325 0.010869565217391304 0.015
0 0.7427536231884058 0.24375 0.010869565217391304 0.015
0 0.884963768115942 0.27 0.009963768115942028 0.01375
0 0.7010869565217391 0.2725 0.010869565217391304 0.015
0 0.740036231884058 0.285 0.010869565217391304 0.015
0 0.5353260869565217 0.29125 0.009963768115942028 0.01375
0 0.5688405797101449 0.295 0.010869565217391304 0.015
0 0.22826086956521738 0.29875 0.009963768115942028 0.01375
0 0.8913043478260869 0.29875 0.009963768115942028 0.01375
0 0.15307971014492755 0.30125 0.010869565217391304 0.015
0 0.6077898550724637 0.30125 0.009963768115942028 0.01375
0 0.6929347826086957 0.32625 0.009963768115942028 0.01375
0 0.7264492753623188 0.355 0.009963768115942028 0.01375
0 0.9221014492753623 0.35625 0.009963768115942028 0.01375
0 0.7219202898550725 0.3775 0.009963768115942028 0.01375
0 0.6730072463768116 0.3875 0.010869565217391304 0.015
0 0.5027173913043478 0.39875 0.009963768115942028 0.01375
0 0.6512681159420289 0.4075 0.010869565217391304 0.015
0 0.44565217391304346 0.40875 0.009963768115942028 0.01375
0 0.401268115942029 0.41125 0.009963768115942028 0.01375
0 0.5778985507246377 0.44875 0.009963768115942028 0.01375
0 0.24003623188405798 0.45125 0.010869565217391304 0.015
0 0.25271739130434784 0.4575 0.009963768115942028 0.01375
0 0.6702898550724637 0.46 0.010869565217391304 0.015
0 0.33061594202898553 0.46875 0.010869565217391304 0.015
0 0.40942028985507245 0.47875 0.009963768115942028 0.01375
0 0.7726449275362319 0.49375 0.010869565217391304 0.015
0 0.6594202898550725 0.51875 0.009963768115942028 0.01375
0 0.37771739130434784 0.53125 0.010869565217391304 0.015
0 0.14221014492753623 0.54625 0.009963768115942028 0.01375
0 0.1431159420289855 0.54625 0.009963768115942028 0.01375
0 0.9130434782608695 0.555 0.010869565217391304 0.015
0 0.9293478260869565 0.58125 0.009963768115942028 0.01375
0 0.9302536231884058 0.58125 0.010869565217391304 0.015
0 0.9836956521739131 0.605 0.010869565217391304 0.015
0 0.5108695652173914 0.61625 0.009963768115942028 0.01375
0 0.427536231884058 0.6275 0.009963768115942028 0.01375
0 0.5317028985507246 0.63 0.009963768115942028 0.01375
0 0.6331521739130435 0.63375 0.009963768115942028 0.01375
0 0.2817028985507246 0.635 0.010869565217391304 0.015
0 0.302536231884058 0.63625 0.010869565217391304 0.015
0 0.3976449275362319 0.64875 0.010869565217391304 0.015
0 0.5380434782608695 0.65125 0.009963768115942028 0.01375
0 0.4375 0.65375 0.009963768115942028 0.01375
0 0.5063405797101449 0.67125 0.009963768115942028 0.01375
0 0.3976449275362319 0.6725 0.009963768115942028 0.01375
0 0.5960144927536232 0.68375 0.009963768115942028 0.01375
0 0.5969202898550725 0.68375 0.009963768115942028 0.01375
0 0.8233695652173914 0.685 0.009963768115942028 0.01375
0 0.45742753623188404 0.68875 0.009963768115942028 0.01375
0 0.3070652173913043 0.6975 0.009963768115942028 0.01375
0 0.17300724637681159 0.7275 0.009963768115942028 0.01375
0 0.5579710144927537 0.73 0.010869565217391304 0.015
0 0.27717391304347827 0.735 0.010869565217391304 0.015
0 0.20833333333333334 0.7425 0.009963768115942028 0.01375
0 0.23641304347826086 0.74375 0.010869565217391304 0.015
0 0.26358695652173914 0.74625 0.010869565217391304 0.015
0 0.5489130434782609 0.74625 0.009963768115942028 0.01375
0 0.6983695652173914 0.7475 0.009963768115942028 0.01375
0 0.37771739130434784 0.77625 0.010869565217391304 0.015
0 0.9293478260869565 0.795 0.009963768115942028 0.01375
0 0.4882246376811594 0.805 0.009963768115942028 0.01375
0 0.266304347826087 0.8125 0.010869565217391304 0.015
0 0.6422101449275363 0.84125 0.010869565217391304 0.015
0 0.4375 0.8425 0.009963768115942028 0.01375
0 0.532608695652174 0.88 0.009963768115942028 0.01375
0 0.6884057971014492 0.89125 0.009963768115942028 0.01375
0 0.3795289855072464 0.89875 0.009963768115942028 0.01375
0 0.6621376811594203 0.9 0.010869565217391304 0.015
0 0.509963768115942 0.91 0.009963768115942028 0.01375
0 0.7182971014492754 0.94125 0.009963768115942028 0.01375
0 0.6168478260869565 0.95 0.010869565217391304 0.015
0 0.6376811594202898 0.95 0.010869565217391304 0.015
0 0.4592391304347826 0.97875 0.009963768115942028 0.01375
