0 0.39855072463768115 0.0675 0.009963768115942028 0.01375
0 0.5144927536231884 0.0675 0.010869565217391304 0.015
0 0.48278985507246375 0.06875 0.009963768115942028 0.01375
0 0.542572463768116 0.07375 0.010869565217391304 0.015
0 0.8487318840579711 0.08875 0.009963768115942028 0.01375
0 0.832427536231884 0.09125 0.009963768115942028 0.01375
0 0.3052536231884058 0.095 0.010869565217391304 0.015
0 0.6884057971014492 0.14625 0.009963768115942028 0.01375
0 0.7454710144927537 0.16625 0.009963768115942028 0.01375
0 0.8840579710144928 0.21 0.010869565217391304 0.015
0 0.7364130434782609 0.25375 0.009963768115942028 0.01375
0 0.7318840579710145 0.26875 0.009963768115942028 0.01375
0 0.5317028985507246 0.27375 0.010869565217391304 0.015
0 0.5733695652173914 0.2825 0.010869565217391304 0.015
0 0.5987318840579711 0.28875 0.009963768115942028 0.01375
0 0.22735507246376813 0.295 0.009963768115942028 0.01375
0 0.9121376811594203 0.325 0.009963768115942028 0.01375
0 0.6793478260869565 0.33 0.009963768115942028 0.01375
0 0.6693840579710145 0.37125 0.010869565217391304 0.015
0 0.44655797101449274 0.39625 0.009963768115942028 0.01375
0 0.6485507246376812 0.4 0.009963768115942028 0.01375
0 0.4927536231884058 0.40125 0.010869565217391304 0.015
0 0.4076086956521739 0.41375 0.009963768115942028 0.01375
0 0.5769927536231884 0.44375 0.010869565217391304 0.015
0 0.3378623188405797 0.455 0.009963768115942028 0.01375
0 0.6693840579710145 0.4625 0.010869565217391304 0.015
0 0.40398550724637683 0.4825 0.009963768115942028 0.01375
0 0.6621376811594203 0.49125 0.009963768115942028 0.01375
0 0.3704710144927536 0.5075 0.009963768115942028 0.01375
0 0.7771739130434783 0.51625 0.009963768115942028 0.01375
0 0.6240942028985508 0.63875 0.009963768115942028 0.01375
0 0.8143115942028986 0.67625 0.009963768115942028 0.01375
0 0.5969202898550725 0.6775 0.009963768115942028 0.01375
0 0.45652173913043476 0.69 0.009963768115942028 0.01375
0 0.276268115942029 0.71375 0.010869565217391304 0.015
0 0.18931159420289856 0.7225 0.009963768115942028 0.01375
0 0.23007246376811594 0.73375 0.010869565217391304 0.015
0 0.6865942028985508 0.75375 0.009963768115942028 0.01375
0 0.3822463768115942 0.76875 0.009963768115942028 0.01375
0 0.47554347826086957 0.79 0.009963768115942028 0.01375
0 0.27807971014492755 0.80875 0.010869565217391304 0.015
0 0.6467391304347826 0.81 0.010869565217391304 0.015
0 0.4375 0.835 0.010869565217391304 0.015
0 0.37681159420289856 0.9025 0.010869565217391304 0.015
0 0.717391304347826 0.95125 0.009963768115942028 0.01375
