0 0.5181159420289855 0.0675 0.010869565217391304 0.015
0 0.40398550724637683 0.07125 0.009963768115942028 0.01375
0 0.48007246376811596 0.0725 0.010869565217391304 0.015
0 0.5452898550724637 0.07625 0.009963768115942028 0.01375
0 0.8532608695652174 0.08875 0.009963768115942028 0.01375
0 0.2980072463768116 0.09375 0.009963768115942028 0.01375
0 0.8288043478260869 0.095 0.009963768115942028 0.01375
0 0.8288043478260869 0.09625 0.010869565217391304 0.015
0 0.6902173913043478 0.14375 0.009963768115942028 0.01375
0 0.7454710144927537 0.165 0.009963768115942028 0.01375
0 0.8831521739130435 0.20625 0.010869565217391304 0.015
0 0.7409420289855072 0.24 0.009963768115942028 0.01375
0 0.6983695652173914 0.2425 0.009963768115942028 0.01375
0 0.7019927536231884 0.2625 0.009963768115942028 0.01375
0 0.7364130434782609 0.27375 0.009963768115942028 0.01375
0 0.5362318840579711 0.27875 0.009963768115942028 0.01375
0 0.572463768115942 0.28625 0.010869565217391304 0.015
0 0.6005434782608695 0.29 0.009963768115942028 0.01375
0 0.23097826086956522 0.29375 0.009963768115942028 0.01375
0 0.6856884057971014 0.32375 0.009963768115942028 0.01375
0 0.9139492753623188 0.3275 0.009963768115942028 0.01375
0 0.6721014492753623 0.37375 0.009963768115942028 0.01375
0 0.6503623188405797 0.39625 0.009963768115942028 0.01375
0 0.4483695652173913 0.3975 0.010869565217391304 0.015
0 0.4990942028985507 0.4025 0.010869565217391304 0.015
0 0.40851449275362317 0.40875 0.009963768115942028 0.01375
0 0.5778985507246377 0.43875 0.010869565217391304 0.015
0 0.6711956521739131 0.45625 0.010869565217391304 0.015
0 0.34057971014492755 0.45875 0.010869565217391304 0.015
0 0.40851449275362317 0.475 0.010869565217391304 0.015
0 0.6621376811594203 0.5 0.009963768115942028 0.01375
0 0.7762681159420289 0.5025 0.009963768115942028 0.01375
0 0.375 0.5075 0.010869565217391304 0.015
0 0.6304347826086957 0.63375 0.010869565217391304 0.015
0 0.8251811594202898 0.67375 0.009963768115942028 0.01375
0 0.595108695652174 0.6775 0.009963768115942028 0.01375
0 0.45652173913043476 0.685 0.010869565217391304 0.015
0 0.286231884057971 0.70125 0.010869565217391304 0.015
0 0.18206521739130435 0.72375 0.010869565217391304 0.015
0 0.20018115942028986 0.72875 0.010869565217391304 0.015
0 0.2346014492753623 0.7325 0.009963768115942028 0.01375
0 0.6911231884057971 0.755 0.010869565217391304 0.015
0 0.3822463768115942 0.7675 0.010869565217391304 0.015
0 0.4855072463768116 0.78875 0.009963768115942028 0.01375
0 0.276268115942029 0.80875 0.009963768115942028 0.01375
0 0.6476449275362319 0.81625 0.009963768115942028 0.01375
0 0.44021739130434784 0.83625 0.009963768115942028 0.01375
0 0.5271739130434783 0.88375 0.009963768115942028 0.01375
0 0.5163043478260869 0.89375 0.009963768115942028 0.01375
0 0.3786231884057971 0.9075 0.009963768115942028 0.01375
0 0.7210144927536232 0.9475 0.009963768115942028 0.01375
