0 0.39945652173913043 0.07 0.010869565217391304 0.015
0 0.490036231884058 0.07125 0.009963768115942028 0.01375
0 0.5126811594202898 0.0725 0.009963768115942028 0.01375
0 0.5380434782608695 0.08 0.009963768115942028 0.01375
0 0.3070652173913043 0.0975 0.009963768115942028 0.01375
0 0.6893115942028986 0.15375 0.009963768115942028 0.01375
0 0.740036231884058 0.16125 0.010869565217391304 0.015
0 0.8831521739130435 0.21875 0.009963768115942028 0.01375
0 0.5344202898550725 0.275 0.010869565217391304 0.015
0 0.223731884057971 0.29625 0.009963768115942028 0.01375
0 0.904891304347826 0.32 0.009963768115942028 0.01375
0 0.6757246376811594 0.34 0.009963768115942028 0.01375
0 0.6612318840579711 0.36875 0.009963768115942028 0.01375
0 0.44565217391304346 0.4 0.009963768115942028 0.01375
0 0.6394927536231884 0.4 0.010869565217391304 0.015
0 0.4882246376811594 0.41125 0.010869565217391304 0.015
0 0.4057971014492754 0.415 0.009963768115942028 0.01375
0 0.5742753623188406 0.44875 0.009963768115942028 0.01375
0 0.5751811594202898 0.44875 0.009963768115942028 0.01375
0 0.33967391304347827 0.4575 0.009963768115942028 0.01375
0 0.6657608695652174 0.46875 0.009963768115942028 0.01375
0 0.40217391304347827 0.4875 0.010869565217391304 0.015
0 0.6585144927536232 0.49 0.009963768115942028 0.01375
0 0.36684782608695654 0.5075 0.009963768115942028 0.01375
0 0.7726449275362319 0.53 0.010869565217391304 0.015
0 0.6204710144927537 0.64875 0.009963768115942028 0.01375
0 0.8115942028985508 0.6725 0.010869565217391304 0.015
0 0.595108695652174 0.67375 0.009963768115942028 0.01375
0 0.4528985507246377 0.7 0.009963768115942028 0.01375
0 0.26721014492753625 0.7275 0.010869565217391304 0.015
0 0.223731884057971 0.73125 0.010869565217391304 0.015
0 0.677536231884058 0.76375 0.009963768115942028 0.01375
0 0.37681159420289856 0.77375 0.009963768115942028 0.01375
0 0.4701086956521739 0.79625 0.010869565217391304 0.015
0 0.6458333333333334 0.7975 0.009963768115942028 0.01375
0 0.27807971014492755 0.81625 0.009963768115942028 0.01375
0 0.43568840579710144 0.83875 0.010869565217391304 0.015
0 0.375 0.92125 0.010869565217391304 0.015
0 0.7146739130434783 0.96375 0.010869565217391304 0.015
