0 0.39492753623188404 0.07125 0.009963768115942028 0.01375
0 0.5389492753623188 0.08 0.009963768115942028 0.01375
0 0.3115942028985507 0.09875 0.009963768115942028 0.01375
0 0.6875 0.15625 0.010869565217391304 0.015
0 0.7364130434782609 0.16375 0.009963768115942028 0.01375
0 0.8858695652173914 0.2175 0.009963768115942028 0.01375
0 0.529891304347826 0.275 0.009963768115942028 0.01375
0 0.223731884057971 0.30625 0.009963768115942028 0.01375
0 0.8994565217391305 0.31625 0.009963768115942028 0.01375
0 0.634963768115942 0.39875 0.010869565217391304 0.015
0 0.45108695652173914 0.40125 0.009963768115942028 0.01375
0 0.4855072463768116 0.41375 0.009963768115942028 0.01375
0 0.4003623188405797 0.42125 0.009963768115942028 0.01375
0 0.5778985507246377 0.4525 0.010869565217391304 0.015
0 0.34148550724637683 0.4625 0.009963768115942028 0.01375
0 0.39945652173913043 0.495 0.009963768115942028 0.01375
0 0.365036231884058 0.51125 0.009963768115942028 0.01375
0 0.7708333333333334 0.54375 0.009963768115942028 0.01375
0 0.6096014492753623 0.665 0.009963768115942028 0.01375
0 0.8079710144927537 0.67 0.009963768115942028 0.01375
0 0.5932971014492754 0.67625 0.009963768115942028 0.01375
0 0.45108695652173914 0.70875 0.010869565217391304 0.015
0 0.2246376811594203 0.73 0.009963768115942028 0.01375
0 0.2572463768115942 0.735 0.009963768115942028 0.01375
0 0.3759057971014493 0.7725 0.009963768115942028 0.01375
0 0.677536231884058 0.77375 0.009963768115942028 0.01375
0 0.4682971014492754 0.79375 0.010869565217391304 0.015
0 0.6458333333333334 0.8 0.009963768115942028 0.01375
0 0.2798913043478261 0.82 0.009963768115942028 0.01375
0 0.4365942028985507 0.84125 0.009963768115942028 0.01375
0 0.3704710144927536 0.92125 0.010869565217391304 0.015
0 0.7137681159420289 0.96875 0.009963768115942028 0.01375
