0 0.384963768115942 0.08125 0.010869565217391304 0.015
0 0.5335144927536232 0.09 0.009963768115942028 0.01375
0 0.3170289855072464 0.1025 0.009963768115942028 0.01375
0 0.7028985507246377 0.1675 0.009963768115942028 0.01375
0 0.7264492753623188 0.1725 0.009963768115942028 0.01375
0 0.8894927536231884 0.2325 0.009963768115942028 0.01375
0 0.5280797101449275 0.27125 0.010869565217391304 0.015
0 0.8885869565217391 0.3 0.009963768115942028 0.01375
0 0.213768115942029 0.30875 0.009963768115942028 0.01375
0 0.45742753623188404 0.4125 0.010869565217391304 0.015
0 0.6331521739130435 0.4125 0.009963768115942028 0.01375
0 0.48007246376811596 0.42 0.009963768115942028 0.01375
0 0.4003623188405797 0.435 0.010869565217391304 0.015
0 0.5815217391304348 0.4575 0.010869565217391304 0.015
0 0.33967391304347827 0.465 0.010869565217391304 0.015
0 0.39311594202898553 0.50375 0.010869565217391304 0.015
0 0.365036231884058 0.51875 0.009963768115942028 0.01375
0 0.7708333333333334 0.5675 0.009963768115942028 0.01375
0 0.8034420289855072 0.665 0.009963768115942028 0.01375
0 0.4429347826086957 0.715 0.009963768115942028 0.01375
0 0.3822463768115942 0.7775 0.009963768115942028 0.01375
0 0.4583333333333333 0.79875 0.009963768115942028 0.01375
0 0.2798913043478261 0.8275 0.009963768115942028 0.01375
0 0.4338768115942029 0.835 0.010869565217391304 0.015
0 0.36231884057971014 0.92875 0.010869565217391304 0.015
0 0.7137681159420289 0.985 0.009963768115942028 0.01375
