0 0.38768115942028986 0.07125 0.009963768115942028 0.01375
0 0.5371376811594203 0.08875 0.009963768115942028 0.01375
0 0.31521739130434784 0.09875 0.010869565217391304 0.015
0 0.6965579710144928 0.16 0.009963768115942028 0.01375
0 0.7327898550724637 0.16875 0.009963768115942028 0.01375
0 0.8885869565217391 0.22625 0.009963768115942028 0.01375
0 0.5262681159420289 0.275 0.009963768115942028 0.01375
0 0.21920289855072464 0.30625 0.009963768115942028 0.01375
0 0.8940217391304348 0.3075 0.009963768115942028 0.01375
0 0.6331521739130435 0.405 0.009963768115942028 0.01375
0 0.45471014492753625 0.4075 0.010869565217391304 0.015
0 0.483695652173913 0.42 0.009963768115942028 0.01375
0 0.4003623188405797 0.42625 0.009963768115942028 0.01375
0 0.5806159420289855 0.4575 0.009963768115942028 0.01375
0 0.34148550724637683 0.46125 0.009963768115942028 0.01375
0 0.39221014492753625 0.495 0.010869565217391304 0.015
0 0.3632246376811594 0.5125 0.010869565217391304 0.015
0 0.769927536231884 0.545 0.009963768115942028 0.01375
0 0.8052536231884058 0.67375 0.009963768115942028 0.01375
0 0.44565217391304346 0.71375 0.010869565217391304 0.015
0 0.23369565217391305 0.73875 0.009963768115942028 0.01375
0 0.24728260869565216 0.74375 0.010869565217391304 0.015
0 0.3795289855072464 0.7725 0.010869565217391304 0.015
0 0.6693840579710145 0.7825 0.009963768115942028 0.01375
0 0.6539855072463768 0.79375 0.009963768115942028 0.01375
0 0.46195652173913043 0.7975 0.009963768115942028 0.01375
0 0.27898550724637683 0.8225 0.009963768115942028 0.01375
0 0.4365942028985507 0.835 0.009963768115942028 0.01375
0 0.3641304347826087 0.92375 0.009963768115942028 0.01375
0 0.7164855072463768 0.98125 0.009963768115942028 0.01375
