0 0.3740942028985507 0.09125 0.010869565217391304 0.015
0 0.5289855072463768 0.10375 0.010869565217391304 0.015
0 0.32155797101449274 0.10875 0.009963768115942028 0.01375
0 0.5208333333333334 0.275 0.009963768115942028 0.01375
0 0.213768115942029 0.3225 0.009963768115942028 0.01375
0 0.6240942028985508 0.43375 0.009963768115942028 0.01375
0 0.3976449275362319 0.45375 0.009963768115942028 0.01375
0 0.5842391304347826 0.46375 0.009963768115942028 0.01375
0 0.3451086956521739 0.48 0.010869565217391304 0.015
0 0.3867753623188406 0.50125 0.009963768115942028 0.01375
0 0.365036231884058 0.5175 0.010869565217391304 0.015
0 0.769927536231884 0.5975 0.010869565217391304 0.015
0 0.7998188405797102 0.66 0.010869565217391304 0.015
0 0.43931159420289856 0.7275 0.010869565217391304 0.015
0 0.3759057971014493 0.78625 0.010869565217391304 0.015
0 0.4528985507246377 0.8175 0.009963768115942028 0.01375
0 0.27898550724637683 0.83875 0.009963768115942028 0.01375
0 0.43568840579710144 0.8425 0.010869565217391304 0.015
0 0.3596014492753623 0.93875 0.009963768115942028 0.01375
