0 0.3759057971014493 0.0825 0.009963768115942028 0.01375
0 0.5307971014492754 0.0925 0.009963768115942028 0.01375
0 0.32155797101449274 0.10875 0.009963768115942028 0.01375
0 0.8940217391304348 0.2475 0.009963768115942028 0.01375
0 0.5253623188405797 0.275 0.010869565217391304 0.015
0 0.8894927536231884 0.29 0.010869565217391304 0.015
0 0.21557971014492755 0.3175 0.009963768115942028 0.01375
0 0.625 0.4275 0.009963768115942028 0.01375
0 0.4003623188405797 0.44375 0.009963768115942028 0.01375
0 0.5815217391304348 0.4575 0.009963768115942028 0.01375
0 0.33967391304347827 0.47 0.009963768115942028 0.01375
0 0.391304347826087 0.50375 0.010869565217391304 0.015
0 0.3632246376811594 0.52 0.009963768115942028 0.01375
0 0.7690217391304348 0.58125 0.009963768115942028 0.01375
0 0.8016304347826086 0.66375 0.010869565217391304 0.015
0 0.4384057971014493 0.7225 0.010869565217391304 0.015
0 0.3795289855072464 0.7775 0.009963768115942028 0.01375
0 0.45742753623188404 0.80625 0.009963768115942028 0.01375
0 0.27717391304347827 0.83125 0.010869565217391304 0.015
0 0.4384057971014493 0.84125 0.009963768115942028 0.01375
0 0.36141304347826086 0.93375 0.009963768115942028 0.01375
