0 0.3686594202898551 0.09375 0.010869565217391304 0.015
0 0.3242753623188406 0.11 0.009963768115942028 0.01375
0 0.5271739130434783 0.11 0.009963768115942028 0.01375
0 0.5190217391304348 0.2825 0.010869565217391304 0.015
0 0.21105072463768115 0.33125 0.009963768115942028 0.01375
0 0.6186594202898551 0.4525 0.009963768115942028 0.01375
0 0.5914855072463768 0.46125 0.010869565217391304 0.015
0 0.39311594202898553 0.46625 0.010869565217391304 0.015
0 0.3423913043478261 0.47875 0.010869565217391304 0.015
0 0.3858695652173913 0.50375 0.009963768115942028 0.01375
0 0.365036231884058 0.52125 0.009963768115942028 0.01375
0 0.7744565217391305 0.615 0.009963768115942028 0.01375
0 0.7943840579710145 0.65875 0.010869565217391304 0.015
0 0.4338768115942029 0.73375 0.009963768115942028 0.01375
0 0.37681159420289856 0.78875 0.010869565217391304 0.015
0 0.45018115942028986 0.825 0.009963768115942028 0.01375
0 0.2753623188405797 0.83875 0.009963768115942028 0.01375
0 0.44021739130434784 0.845 0.010869565217391304 0.015
0 0.3596014492753623 0.94375 0.009963768115942028 0.01375
