0 0.644927536231884 0.0125 0.009963768115942028 0.01375
0 0.47101449275362317 0.01625 0.010869565217391304 0.015
0 0.3442028985507246 0.0225 0.010869565217391304 0.015
0 0.7155797101449275 0.02375 0.009963768115942028 0.01375
0 0.4692028985507246 0.02875 0.009963768115942028 0.01375
0 0.552536231884058 0.04125 0.009963768115942028 0.01375
0 0.5932971014492754 0.05375 0.010869565217391304 0.015
0 0.7608695652173914 0.06375 0.009963768115942028 0.01375
0 0.5217391304347826 0.065 0.009963768115942028 0.01375
0 0.8188405797101449 0.06625 0.010869565217391304 0.015
0 0.384963768115942 0.06875 0.010869565217391304 0.015
0 0.6476449275362319 0.07125 0.009963768115942028 0.01375
0 0.41032608695652173 0.085 0.009963768115942028 0.01375
0 0.8759057971014492 0.08875 0.009963768115942028 0.01375
0 0.8188405797101449 0.09125 0.009963768115942028 0.01375
0 0.6585144927536232 0.09625 0.009963768115942028 0.01375
0 0.33967391304347827 0.105 0.010869565217391304 0.015
0 0.4311594202898551 0.11875 0.009963768115942028 0.01375
0 0.595108695652174 0.11875 0.009963768115942028 0.01375
0 0.24456521739130435 0.1225 0.009963768115942028 0.01375
0 0.3278985507246377 0.13625 0.010869565217391304 0.015
0 0.6947463768115942 0.18 0.009963768115942028 0.01375
0 0.6503623188405797 0.2 0.010869565217391304 0.015
0 0.6766304347826086 0.20625 0.009963768115942028 0.01375
0 0.25905797101449274 0.20875 0.010869565217391304 0.015
0 0.9320652173913043 0.21125 0.009963768115942028 0.01375
0 0.35054347826086957 0.22125 0.009963768115942028 0.01375
0 0.3967391304347826 0.22125 0.010869565217391304 0.015
0 0.4230072463768116 0.22125 0.009963768115942028 0.01375
0 0.296195652173913 0.23 0.009963768115942028 0.01375
0 0.9610507246376812 0.23 0.009963768115942028 0.01375
0 0.328804347826087 0.23625 0.009963768115942028 0.01375
0 0.2391304347826087 0.24 0.009963768115942028 0.01375
0 0.5887681159420289 0.24625 0.010869565217391304 0.015
0 0.5661231884057971 0.24875 0.009963768115942028 0.01375
0 0.6313405797101449 0.265 0.010869565217391304 0.015
0 0.720108695652174 0.26875 0.009963768115942028 0.01375
0 0.27898550724637683 0.27 0.010869565217391304 0.015
0 0.5262681159420289 0.28375 0.009963768115942028 0.01375
0 0.509963768115942 0.29875 0.009963768115942028 0.01375
0 0.18840579710144928 0.3 0.010869565217391304 0.015
0 0.2509057971014493 0.305 0.010869565217391304 0.015
0 0.8559782608695652 0.305 0.009963768115942028 0.01375
0 0.27445652173913043 0.3075 0.009963768115942028 0.01375
0 0.4701086956521739 0.31125 0.009963768115942028 0.01375
0 0.1838768115942029 0.32125 0.009963768115942028 0.01375
0 0.48188405797101447 0.32625 0.010869565217391304 0.015
0 0.542572463768116 0.32625 0.010869565217391304 0.015
0 0.5733695652173914 0.32625 0.010869565217391304 0.015
0 0.5217391304347826 0.33625 0.009963768115942028 0.01375
0 0.9148550724637681 0.33875 0.009963768115942028 0.01375
0 0.832427536231884 0.3425 0.010869565217391304 0.015
0 0.35688405797101447 0.3475 0.009963768115942028 0.01375
0 0.4936594202898551 0.36 0.009963768115942028 0.01375
0 0.9782608695652174 0.38 0.010869565217391304 0.015
0 0.8342391304347826 0.3875 0.009963768115942028 0.01375
0 0.4945652173913043 0.39 0.009963768115942028 0.01375
0 0.5117753623188406 0.395 0.009963768115942028 0.01375
0 0.9737318840579711 0.39625 0.009963768115942028 0.01375
0 0.2210144927536232 0.42 0.010869565217391304 0.015
0 0.9483695652173914 0.4225 0.009963768115942028 0.01375
0 0.5461956521739131 0.425 0.009963768115942028 0.01375
0 0.8351449275362319 0.425 0.010869565217391304 0.015
0 0.28804347826086957 0.43 0.009963768115942028 0.01375
0 0.24365942028985507 0.43375 0.009963768115942028 0.01375
0 0.34148550724637683 0.43375 0.009963768115942028 0.01375
0 0.5271739130434783 0.4475 0.010869565217391304 0.015
0 0.9003623188405797 0.45125 0.010869565217391304 0.015
0 0.15942028985507245 0.455 0.010869565217391304 0.015
0 0.6132246376811594 0.4575 0.010869565217391304 0.015
0 0.8831521739130435 0.45875 0.009963768115942028 0.01375
0 0.532608695652174 0.46375 0.009963768115942028 0.01375
0 0.3596014492753623 0.47 0.010869565217391304 0.015
0 0.8460144927536232 0.47125 0.009963768115942028 0.01375
0 0.8269927536231884 0.47625 0.010869565217391304 0.015
0 0.25 0.48625 0.009963768115942028 0.01375
0 0.2798913043478261 0.48625 0.009963768115942028 0.01375
0 0.4384057971014493 0.4925 0.009963768115942028 0.01375
0 0.9402173913043478 0.50125 0.009963768115942028 0.01375
0 0.7644927536231884 0.51125 0.009963768115942028 0.01375
0 0.1431159420289855 0.5125 0.009963768115942028 0.01375
0 0.17391304347826086 0.51625 0.009963768115942028 0.01375
0 0.35507246376811596 0.52 0.010869565217391304 0.015
0 0.5534420289855072 0.52125 0.010869565217391304 0.015
0 0.21829710144927536 0.52625 0.009963768115942028 0.01375
0 0.4528985507246377 0.53625 0.009963768115942028 0.01375
0 0.595108695652174 0.54 0.010869565217391304 0.015
0 0.259963768115942 0.545 0.009963768115942028 0.01375
0 0.2164855072463768 0.54625 0.010869565217391304 0.015
0 0.2726449275362319 0.55125 0.009963768115942028 0.01375
0 0.34601449275362317 0.55375 0.010869565217391304 0.015
0 0.6820652173913043 0.55625 0.010869565217391304 0.015
0 0.25905797101449274 0.5575 0.009963768115942028 0.01375
0 0.7309782608695652 0.56875 0.010869565217391304 0.015
0 0.7518115942028986 0.56875 0.009963768115942028 0.01375
0 0.5914855072463768 0.575 0.010869565217391304 0.015
0 0.8197463768115942 0.58625 0.009963768115942028 0.01375
0 0.6105072463768116 0.5875 0.010869565217391304 0.015
0 0.8731884057971014 0.59 0.009963768115942028 0.01375
0 0.717391304347826 0.59125 0.010869565217391304 0.015
0 0.5670289855072463 0.59375 0.009963768115942028 0.01375
0 0.25271739130434784 0.59625 0.009963768115942028 0.01375
0 0.3278985507246377 0.60125 0.010869565217391304 0.015
0 0.6295289855072463 0.605 0.010869565217391304 0.015
0 0.5688405797101449 0.60625 0.009963768115942028 0.01375
0 0.20018115942028986 0.60875 0.009963768115942028 0.01375
0 0.5552536231884058 0.61 0.009963768115942028 0.01375
0 0.5317028985507246 0.6175 0.009963768115942028 0.01375
0 0.7536231884057971 0.6175 0.009963768115942028 0.01375
0 0.3016304347826087 0.62 0.009963768115942028 0.01375
0 0.9510869565217391 0.6275 0.009963768115942028 0.01375
0 0.48641304347826086 0.62875 0.009963768115942028 0.01375
0 0.21467391304347827 0.63 0.009963768115942028 0.01375
0 0.9094202898550725 0.63375 0.009963768115942028 0.01375
0 0.2726449275362319 0.6375 0.010869565217391304 0.015
0 0.8931159420289855 0.6375 0.009963768115942028 0.01375
0 0.8831521739130435 0.64 0.010869565217391304 0.015
0 0.8070652173913043 0.64375 0.009963768115942028 0.01375
0 0.18568840579710144 0.64625 0.010869565217391304 0.015
0 0.28351449275362317 0.64875 0.009963768115942028 0.01375
0 0.19293478260869565 0.65 0.010869565217391304 0.015
0 0.6711956521739131 0.65 0.009963768115942028 0.01375
0 0.47282608695652173 0.66 0.009963768115942028 0.01375
0 0.6730072463768116 0.67125 0.009963768115942028 0.01375
0 0.6413043478260869 0.68375 0.009963768115942028 0.01375
0 0.802536231884058 0.6875 0.010869565217391304 0.015
0 0.4429347826086957 0.70125 0.009963768115942028 0.01375
0 0.8958333333333334 0.7025 0.009963768115942028 0.01375
0 0.338768115942029 0.70875 0.009963768115942028 0.01375
0 0.3641304347826087 0.7125 0.009963768115942028 0.01375
0 0.7771739130434783 0.72 0.009963768115942028 0.01375
0 0.595108695652174 0.72625 0.010869565217391304 0.015
0 0.32065217391304346 0.72875 0.009963768115942028 0.01375
0 0.5851449275362319 0.73375 0.010869565217391304 0.015
0 0.7291666666666666 0.755 0.010869565217391304 0.015
0 0.6648550724637681 0.76 0.009963768115942028 0.01375
0 0.7028985507246377 0.76 0.010869565217391304 0.015
0 0.2980072463768116 0.76125 0.009963768115942028 0.01375
0 0.8695652173913043 0.76375 0.009963768115942028 0.01375
0 0.552536231884058 0.765 0.009963768115942028 0.01375
0 0.5742753623188406 0.77375 0.010869565217391304 0.015
0 0.26992753623188404 0.775 0.009963768115942028 0.01375
0 0.5851449275362319 0.775 0.010869565217391304 0.015
0 0.7844202898550725 0.77625 0.009963768115942028 0.01375
0 0.6005434782608695 0.7775 0.010869565217391304 0.015
0 0.7608695652173914 0.78 0.010869565217391304 0.015
0 0.6721014492753623 0.7825 0.010869565217391304 0.015
0 0.7038043478260869 0.7825 0.010869565217391304 0.015
0 0.7373188405797102 0.7825 0.009963768115942028 0.01375
0 0.8840579710144928 0.78875 0.009963768115942028 0.01375
0 0.22826086956521738 0.79 0.010869565217391304 0.015
0 0.30978260869565216 0.79 0.009963768115942028 0.01375
0 0.35778985507246375 0.79375 0.009963768115942028 0.01375
0 0.8016304347826086 0.8 0.009963768115942028 0.01375
0 0.2726449275362319 0.8125 0.009963768115942028 0.01375
0 0.36141304347826086 0.8125 0.010869565217391304 0.015
0 0.3242753623188406 0.8225 0.009963768115942028 0.01375
0 0.8885869565217391 0.845 0.009963768115942028 0.01375
0 0.3242753623188406 0.8525 0.009963768115942028 0.01375
0 0.8251811594202898 0.86125 0.009963768115942028 0.01375
0 0.6313405797101449 0.86625 0.009963768115942028 0.01375
0 0.4221014492753623 0.8775 0.009963768115942028 0.01375
0 0.6856884057971014 0.8775 0.010869565217391304 0.015
0 0.5534420289855072 0.88875 0.009963768115942028 0.01375
0 0.8007246376811594 0.9025 0.009963768115942028 0.01375
0 0.8097826086956522 0.90625 0.009963768115942028 0.01375
0 0.47282608695652173 0.91125 0.009963768115942028 0.01375
0 0.49728260869565216 0.95125 0.009963768115942028 0.01375
0 0.644927536231884 0.97125 0.009963768115942028 0.01375
0 0.5009057971014492 0.97875 0.009963768115942028 0.01375
0 0.6304347826086957 0.98375 0.010869565217391304 0.015
