0 0.6385869565217391 0.01875 0.009963768115942028 0.01375
0 0.33967391304347827 0.03125 0.009963768115942028 0.01375
0 0.5833333333333334 0.045 0.009963768115942028 0.01375
0 0.5407608695652174 0.05 0.009963768115942028 0.01375
0 0.3822463768115942 0.0575 0.010869565217391304 0.015
0 0.5262681159420289 0.06125 0.010869565217391304 0.015
0 0.7463768115942029 0.06125 0.009963768115942028 0.01375
0 0.644927536231884 0.07125 0.009963768115942028 0.01375
0 0.6512681159420289 0.09125 0.009963768115942028 0.01375
0 0.3351449275362319 0.10625 0.009963768115942028 0.01375
0 0.42028985507246375 0.10875 0.009963768115942028 0.01375
0 0.582427536231884 0.12125 0.009963768115942028 0.01375
0 0.2418478260869565 0.12625 0.009963768115942028 0.01375
0 0.6847826086956522 0.175 0.009963768115942028 0.01375
0 0.6458333333333334 0.19 0.010869565217391304 0.015
0 0.6702898550724637 0.20375 0.010869565217391304 0.015
0 0.25 0.20875 0.009963768115942028 0.01375
0 0.39492753623188404 0.2175 0.009963768115942028 0.01375
0 0.34782608695652173 0.22 0.009963768115942028 0.01375
0 0.41304347826086957 0.22 0.010869565217391304 0.015
0 0.286231884057971 0.2275 0.009963768115942028 0.01375
0 0.322463768115942 0.24125 0.009963768115942028 0.01375
0 0.24094202898550723 0.245 0.010869565217391304 0.015
0 0.26992753623188404 0.26125 0.009963768115942028 0.01375
0 0.6168478260869565 0.26375 0.009963768115942028 0.01375
0 0.7101449275362319 0.2675 0.009963768115942028 0.01375
0 0.26811594202898553 0.30125 0.009963768115942028 0.01375
0 0.8514492753623188 0.305 0.009963768115942028 0.01375
0 0.8523550724637681 0.305 0.010869565217391304 0.015
0 0.2509057971014493 0.3075 0.009963768115942028 0.01375
0 0.46467391304347827 0.32 0.010869565217391304 0.015
0 0.5389492753623188 0.32125 0.009963768115942028 0.01375
0 0.5679347826086957 0.32625 0.010869565217391304 0.015
0 0.5108695652173914 0.33125 0.009963768115942028 0.01375
0 0.8278985507246377 0.335 0.010869565217391304 0.015
0 0.9012681159420289 0.3375 0.009963768115942028 0.01375
0 0.48641304347826086 0.34375 0.009963768115942028 0.01375
0 0.35054347826086957 0.3575 0.009963768115942028 0.01375
0 0.9710144927536232 0.38125 0.009963768115942028 0.01375
0 0.8297101449275363 0.3925 0.009963768115942028 0.01375
0 0.8306159420289855 0.41125 0.009963768115942028 0.01375
0 0.9447463768115942 0.41125 0.009963768115942028 0.01375
0 0.5380434782608695 0.42125 0.009963768115942028 0.01375
0 0.23097826086956522 0.42625 0.009963768115942028 0.01375
0 0.3333333333333333 0.43 0.009963768115942028 0.01375
0 0.2817028985507246 0.43125 0.009963768115942028 0.01375
0 0.5987318840579711 0.44625 0.010869565217391304 0.015
0 0.1539855072463768 0.4575 0.010869565217391304 0.015
0 0.3451086956521739 0.475 0.010869565217391304 0.015
0 0.2708333333333333 0.48375 0.010869565217391304 0.015
0 0.2427536231884058 0.49 0.010869565217391304 0.015
0 0.4302536231884058 0.495 0.009963768115942028 0.01375
0 0.9284420289855072 0.50375 0.009963768115942028 0.01375
0 0.15217391304347827 0.51 0.009963768115942028 0.01375
0 0.5380434782608695 0.52 0.010869565217391304 0.015
0 0.3496376811594203 0.5225 0.009963768115942028 0.01375
0 0.21467391304347827 0.53 0.010869565217391304 0.015
0 0.4447463768115942 0.53 0.009963768115942028 0.01375
0 0.5905797101449275 0.53375 0.009963768115942028 0.01375
0 0.20471014492753623 0.545 0.009963768115942028 0.01375
0 0.34148550724637683 0.55125 0.009963768115942028 0.01375
0 0.6793478260869565 0.55125 0.009963768115942028 0.01375
0 0.8795289855072463 0.57625 0.010869565217391304 0.015
0 0.5851449275362319 0.5825 0.009963768115942028 0.01375
0 0.7146739130434783 0.585 0.010869565217391304 0.015
0 0.8043478260869565 0.58625 0.010869565217391304 0.015
0 0.3188405797101449 0.6025 0.010869565217391304 0.015
0 0.25271739130434784 0.6075 0.010869565217391304 0.015
0 0.2971014492753623 0.60875 0.009963768115942028 0.01375
0 0.7445652173913043 0.61125 0.009963768115942028 0.01375
0 0.5362318840579711 0.61375 0.009963768115942028 0.01375
0 0.9465579710144928 0.625 0.009963768115942028 0.01375
0 0.7916666666666666 0.63375 0.009963768115942028 0.01375
0 0.8967391304347826 0.635 0.009963768115942028 0.01375
0 0.654891304347826 0.645 0.010869565217391304 0.015
0 0.6666666666666666 0.66375 0.010869565217391304 0.015
0 0.9483695652173914 0.67125 0.010869565217391304 0.015
0 0.8967391304347826 0.67875 0.009963768115942028 0.01375
0 0.6376811594202898 0.68375 0.009963768115942028 0.01375
0 0.4438405797101449 0.69875 0.010869565217391304 0.015
0 0.35597826086956524 0.71 0.010869565217391304 0.015
0 0.338768115942029 0.71375 0.009963768115942028 0.01375
0 0.7726449275362319 0.72375 0.009963768115942028 0.01375
0 0.3197463768115942 0.735 0.009963768115942028 0.01375
0 0.5498188405797102 0.76375 0.009963768115942028 0.01375
0 0.29981884057971014 0.76625 0.010869565217391304 0.015
0 0.7608695652173914 0.7775 0.009963768115942028 0.01375
0 0.26811594202898553 0.77875 0.009963768115942028 0.01375
0 0.8659420289855072 0.77875 0.009963768115942028 0.01375
0 0.213768115942029 0.78 0.009963768115942028 0.01375
0 0.5887681159420289 0.78375 0.010869565217391304 0.015
0 0.875 0.78375 0.009963768115942028 0.01375
0 0.779891304347826 0.78625 0.009963768115942028 0.01375
0 0.3007246376811594 0.7925 0.009963768115942028 0.01375
0 0.7916666666666666 0.795 0.010869565217391304 0.015
0 0.27445652173913043 0.805 0.009963768115942028 0.01375
0 0.8858695652173914 0.835 0.010869565217391304 0.015
0 0.8242753623188406 0.85 0.009963768115942028 0.01375
0 0.6231884057971014 0.86875 0.009963768115942028 0.01375
0 0.9067028985507246 0.88 0.009963768115942028 0.01375
0 0.5615942028985508 0.88125 0.009963768115942028 0.01375
0 0.6856884057971014 0.88125 0.009963768115942028 0.01375
0 0.41938405797101447 0.89125 0.010869565217391304 0.015
0 0.47192028985507245 0.9825 0.009963768115942028 0.01375
