0 0.6340579710144928 0.02125 0.009963768115942028 0.01375
0 0.338768115942029 0.03125 0.010869565217391304 0.015
0 0.5778985507246377 0.04125 0.009963768115942028 0.01375
0 0.3813405797101449 0.055 0.010869565217391304 0.015
0 0.730072463768116 0.05625 0.010869565217391304 0.015
0 0.41394927536231885 0.09875 0.009963768115942028 0.01375
0 0.33061594202898553 0.10375 0.009963768115942028 0.01375
0 0.5769927536231884 0.10875 0.009963768115942028 0.01375
0 0.2391304347826087 0.13 0.009963768115942028 0.01375
0 0.6811594202898551 0.165 0.009963768115942028 0.01375
0 0.6394927536231884 0.185 0.009963768115942028 0.01375
0 0.6666666666666666 0.19125 0.009963768115942028 0.01375
0 0.25 0.20625 0.009963768115942028 0.01375
0 0.27898550724637683 0.21875 0.009963768115942028 0.01375
0 0.34148550724637683 0.2275 0.009963768115942028 0.01375
0 0.3233695652173913 0.24125 0.010869565217391304 0.015
0 0.24003623188405798 0.24625 0.009963768115942028 0.01375
0 0.2572463768115942 0.25875 0.009963768115942028 0.01375
0 0.6068840579710145 0.26625 0.009963768115942028 0.01375
0 0.7083333333333334 0.26875 0.009963768115942028 0.01375
0 0.8523550724637681 0.29625 0.010869565217391304 0.015
0 0.5615942028985508 0.32875 0.009963768115942028 0.01375
0 0.5045289855072463 0.33125 0.010869565217391304 0.015
0 0.5244565217391305 0.3325 0.009963768115942028 0.01375
0 0.48278985507246375 0.33375 0.009963768115942028 0.01375
0 0.8260869565217391 0.335 0.010869565217391304 0.015
0 0.8958333333333334 0.3375 0.009963768115942028 0.01375
0 0.3532608695652174 0.35875 0.009963768115942028 0.01375
0 0.9356884057971014 0.40125 0.009963768115942028 0.01375
0 0.529891304347826 0.42375 0.009963768115942028 0.01375
0 0.2753623188405797 0.42875 0.010869565217391304 0.015
0 0.32608695652173914 0.435 0.009963768115942028 0.01375
0 0.5887681159420289 0.445 0.009963768115942028 0.01375
0 0.1431159420289855 0.46625 0.009963768115942028 0.01375
0 0.33605072463768115 0.47875 0.009963768115942028 0.01375
0 0.259963768115942 0.48375 0.010869565217391304 0.015
0 0.2427536231884058 0.49625 0.009963768115942028 0.01375
0 0.42934782608695654 0.49625 0.009963768115942028 0.01375
0 0.7472826086956522 0.50875 0.009963768115942028 0.01375
0 0.9239130434782609 0.50875 0.009963768115942028 0.01375
0 0.5335144927536232 0.515 0.009963768115942028 0.01375
0 0.3432971014492754 0.525 0.010869565217391304 0.015
0 0.4329710144927536 0.5325 0.009963768115942028 0.01375
0 0.5851449275362319 0.53375 0.009963768115942028 0.01375
0 0.6811594202898551 0.54625 0.009963768115942028 0.01375
0 0.3342391304347826 0.54875 0.010869565217391304 0.015
0 0.8740942028985508 0.565 0.010869565217391304 0.015
0 0.5797101449275363 0.57875 0.009963768115942028 0.01375
0 0.7119565217391305 0.585 0.010869565217391304 0.015
0 0.7898550724637681 0.585 0.009963768115942028 0.01375
0 0.2554347826086957 0.6 0.010869565217391304 0.015
0 0.302536231884058 0.60125 0.010869565217391304 0.015
0 0.5307971014492754 0.60875 0.009963768115942028 0.01375
0 0.9411231884057971 0.61875 0.009963768115942028 0.01375
0 0.7871376811594203 0.625 0.010869565217391304 0.015
0 0.8885869565217391 0.63 0.010869565217391304 0.015
0 0.9411231884057971 0.665 0.010869565217391304 0.015
0 0.8994565217391305 0.66875 0.009963768115942028 0.01375
0 0.644927536231884 0.67125 0.009963768115942028 0.01375
0 0.4375 0.69125 0.010869565217391304 0.015
0 0.7653985507246377 0.735 0.009963768115942028 0.01375
0 0.3134057971014493 0.7375 0.009963768115942028 0.01375
0 0.5489130434782609 0.77 0.009963768115942028 0.01375
0 0.7554347826086957 0.77375 0.010869565217391304 0.015
0 0.5815217391304348 0.7825 0.009963768115942028 0.01375
0 0.20018115942028986 0.78375 0.010869565217391304 0.015
0 0.29257246376811596 0.79125 0.009963768115942028 0.01375
0 0.8722826086956522 0.82 0.009963768115942028 0.01375
0 0.8731884057971014 0.82 0.009963768115942028 0.01375
0 0.8297101449275363 0.8425 0.009963768115942028 0.01375
0 0.6077898550724637 0.86375 0.010869565217391304 0.015
0 0.5670289855072463 0.87875 0.009963768115942028 0.01375
0 0.6820652173913043 0.88625 0.010869565217391304 0.015
0 0.42481884057971014 0.89375 0.009963768115942028 0.01375
0 0.4682971014492754 0.9675 0.009963768115942028 0.01375
