0 0.6259057971014492 0.0125 0.009963768115942028 0.01375
0 0.33605072463768115 0.0325 0.009963768115942028 0.01375
0 0.5715579710144928 0.0475 0.009963768115942028 0.01375
0 0.717391304347826 0.055 0.009963768115942028 0.01375
0 0.3759057971014493 0.05625 0.010869565217391304 0.015
0 0.40307971014492755 0.09625 0.009963768115942028 0.01375
0 0.3242753623188406 0.10375 0.010869565217391304 0.015
0 0.5742753623188406 0.10875 0.009963768115942028 0.01375
0 0.223731884057971 0.1375 0.009963768115942028 0.01375
0 0.6739130434782609 0.165 0.009963768115942028 0.01375
0 0.6331521739130435 0.17625 0.010869565217391304 0.015
0 0.657608695652174 0.18375 0.009963768115942028 0.01375
0 0.2563405797101449 0.21125 0.009963768115942028 0.01375
0 0.2708333333333333 0.21875 0.009963768115942028 0.01375
0 0.33152173913043476 0.2275 0.009963768115942028 0.01375
0 0.31521739130434784 0.23375 0.010869565217391304 0.015
0 0.5932971014492754 0.2675 0.010869565217391304 0.015
0 0.697463768115942 0.26875 0.009963768115942028 0.01375
0 0.8405797101449275 0.29375 0.010869565217391304 0.015
0 0.8188405797101449 0.32125 0.009963768115942028 0.01375
0 0.47554347826086957 0.3275 0.009963768115942028 0.01375
0 0.5634057971014492 0.33625 0.009963768115942028 0.01375
0 0.8894927536231884 0.34625 0.009963768115942028 0.01375
0 0.35054347826086957 0.36625 0.009963768115942028 0.01375
0 0.9311594202898551 0.38875 0.009963768115942028 0.01375
0 0.5235507246376812 0.4325 0.010869565217391304 0.015
0 0.26721014492753625 0.43375 0.010869565217391304 0.015
0 0.3170289855072464 0.4425 0.009963768115942028 0.01375
0 0.5788043478260869 0.44375 0.010869565217391304 0.015
0 0.3278985507246377 0.4775 0.009963768115942028 0.01375
0 0.740036231884058 0.505 0.009963768115942028 0.01375
0 0.5217391304347826 0.51 0.009963768115942028 0.01375
0 0.3333333333333333 0.5275 0.009963768115942028 0.01375
0 0.5751811594202898 0.5325 0.009963768115942028 0.01375
0 0.32518115942028986 0.54 0.009963768115942028 0.01375
0 0.6766304347826086 0.5425 0.009963768115942028 0.01375
0 0.8740942028985508 0.54875 0.009963768115942028 0.01375
0 0.5652173913043478 0.57625 0.009963768115942028 0.01375
0 0.7817028985507246 0.59875 0.009963768115942028 0.01375
0 0.25271739130434784 0.60375 0.010869565217391304 0.015
0 0.5307971014492754 0.60625 0.009963768115942028 0.01375
0 0.779891304347826 0.6125 0.010869565217391304 0.015
0 0.9320652173913043 0.6275 0.010869565217391304 0.015
0 0.8894927536231884 0.6425 0.009963768115942028 0.01375
0 0.9266304347826086 0.66 0.009963768115942028 0.01375
0 0.4257246376811594 0.69125 0.009963768115942028 0.01375
0 0.3188405797101449 0.74 0.009963768115942028 0.01375
0 0.5498188405797102 0.7725 0.009963768115942028 0.01375
0 0.5588768115942029 0.7775 0.010869565217391304 0.015
0 0.18659420289855072 0.79375 0.009963768115942028 0.01375
0 0.8596014492753623 0.82375 0.009963768115942028 0.01375
0 0.8297101449275363 0.84 0.009963768115942028 0.01375
0 0.5896739130434783 0.86 0.010869565217391304 0.015
0 0.5652173913043478 0.87125 0.010869565217391304 0.015
0 0.8985507246376812 0.87875 0.010869565217391304 0.015
0 0.6829710144927537 0.89375 0.009963768115942028 0.01375
0 0.4230072463768116 0.9075 0.009963768115942028 0.01375
0 0.4583333333333333 0.96 0.010869565217391304 0.015
