0 0.3269927536231884 0.04 0.009963768115942028 0.01375
0 0.5643115942028986 0.045 0.009963768115942028 0.01375
0 0.7137681159420289 0.05125 0.009963768115942028 0.01375
0 0.3786231884057971 0.06 0.009963768115942028 0.01375
0 0.39492753623188404 0.09375 0.009963768115942028 0.01375
0 0.3161231884057971 0.09625 0.009963768115942028 0.01375
0 0.5688405797101449 0.1 0.009963768115942028 0.01375
0 0.22010869565217392 0.13625 0.010869565217391304 0.015
0 0.6268115942028986 0.16875 0.009963768115942028 0.01375
0 0.6268115942028986 0.17 0.009963768115942028 0.01375
0 0.657608695652174 0.17875 0.009963768115942028 0.01375
0 0.6902173913043478 0.265 0.009963768115942028 0.01375
0 0.6911231884057971 0.265 0.009963768115942028 0.01375
0 0.5869565217391305 0.26625 0.009963768115942028 0.01375
0 0.8405797101449275 0.29125 0.009963768115942028 0.01375
0 0.8134057971014492 0.3175 0.009963768115942028 0.01375
0 0.46557971014492755 0.32875 0.009963768115942028 0.01375
0 0.5606884057971014 0.3375 0.009963768115942028 0.01375
0 0.8940217391304348 0.35375 0.009963768115942028 0.01375
0 0.34782608695652173 0.3675 0.009963768115942028 0.01375
0 0.9221014492753623 0.38125 0.009963768115942028 0.01375
0 0.26358695652173914 0.43 0.009963768115942028 0.01375
0 0.5144927536231884 0.44 0.009963768115942028 0.01375
0 0.5760869565217391 0.44125 0.009963768115942028 0.01375
0 0.31431159420289856 0.44875 0.009963768115942028 0.01375
0 0.31431159420289856 0.47875 0.009963768115942028 0.01375
0 0.519927536231884 0.505 0.009963768115942028 0.01375
0 0.7336956521739131 0.505 0.009963768115942028 0.01375
0 0.8976449275362319 0.50625 0.009963768115942028 0.01375
0 0.5661231884057971 0.5325 0.009963768115942028 0.01375
0 0.8713768115942029 0.53875 0.009963768115942028 0.01375
0 0.6766304347826086 0.5425 0.009963768115942028 0.01375
0 0.5534420289855072 0.57875 0.009963768115942028 0.01375
0 0.5280797101449275 0.5975 0.010869565217391304 0.015
0 0.2536231884057971 0.6 0.009963768115942028 0.01375
0 0.41938405797101447 0.69125 0.009963768115942028 0.01375
0 0.31431159420289856 0.74125 0.009963768115942028 0.01375
0 0.8432971014492754 0.8275 0.010869565217391304 0.015
0 0.8976449275362319 0.8825 0.010869565217391304 0.015
0 0.6856884057971014 0.89875 0.009963768115942028 0.01375
0 0.4230072463768116 0.92 0.009963768115942028 0.01375
0 0.447463768115942 0.9475 0.009963768115942028 0.01375
