0 0.5543478260869565 0.05 0.010869565217391304 0.015
0 0.697463768115942 0.0575 0.009963768115942028 0.01375
0 0.3115942028985507 0.06375 0.009963768115942028 0.01375
0 0.3079710144927536 0.0825 0.009963768115942028 0.01375
0 0.5570652173913043 0.1075 0.009963768115942028 0.01375
0 0.20833333333333334 0.14625 0.009963768115942028 0.01375
0 0.6123188405797102 0.155 0.009963768115942028 0.01375
0 0.6802536231884058 0.2725 0.010869565217391304 0.015
0 0.5697463768115942 0.28375 0.009963768115942028 0.01375
0 0.8206521739130435 0.29375 0.009963768115942028 0.01375
0 0.8034420289855072 0.31 0.009963768115942028 0.01375
0 0.4447463768115942 0.33875 0.009963768115942028 0.01375
0 0.552536231884058 0.34375 0.010869565217391304 0.015
0 0.34057971014492755 0.38375 0.009963768115942028 0.01375
0 0.24818840579710144 0.4325 0.010869565217391304 0.015
0 0.5552536231884058 0.4475 0.010869565217391304 0.015
0 0.4990942028985507 0.4575 0.009963768115942028 0.01375
0 0.2971014492753623 0.47 0.009963768115942028 0.01375
0 0.29347826086956524 0.48625 0.009963768115942028 0.01375
0 0.5108695652173914 0.50125 0.009963768115942028 0.01375
0 0.717391304347826 0.52 0.009963768115942028 0.01375
0 0.5498188405797102 0.525 0.009963768115942028 0.01375
0 0.6721014492753623 0.54 0.009963768115942028 0.01375
0 0.25 0.6 0.009963768115942028 0.01375
0 0.39945652173913043 0.69625 0.009963768115942028 0.01375
0 0.30344202898550726 0.75375 0.009963768115942028 0.01375
0 0.6802536231884058 0.9175 0.009963768115942028 0.01375
