0 0.5597826086956522 0.04875 0.009963768115942028 0.01375
0 0.7047101449275363 0.0525 0.009963768115942028 0.01375
0 0.3188405797101449 0.055 0.009963768115942028 0.01375
0 0.3088768115942029 0.09125 0.010869565217391304 0.015
0 0.5606884057971014 0.105 0.010869565217391304 0.015
0 0.2128623188405797 0.14 0.010869565217391304 0.015
0 0.6195652173913043 0.16375 0.009963768115942028 0.01375
0 0.6847826086956522 0.27125 0.009963768115942028 0.01375
0 0.5769927536231884 0.27875 0.009963768115942028 0.01375
0 0.8288043478260869 0.295 0.009963768115942028 0.01375
0 0.8088768115942029 0.3125 0.009963768115942028 0.01375
0 0.453804347826087 0.32875 0.009963768115942028 0.01375
0 0.5597826086956522 0.34 0.009963768115942028 0.01375
0 0.8913043478260869 0.3625 0.009963768115942028 0.01375
0 0.9103260869565217 0.3725 0.009963768115942028 0.01375
0 0.34692028985507245 0.37375 0.010869565217391304 0.015
0 0.25815217391304346 0.4325 0.009963768115942028 0.01375
0 0.5634057971014492 0.44125 0.009963768115942028 0.01375
0 0.5072463768115942 0.4525 0.009963768115942028 0.01375
0 0.30434782608695654 0.455 0.009963768115942028 0.01375
0 0.302536231884058 0.4875 0.009963768115942028 0.01375
0 0.5117753623188406 0.5025 0.009963768115942028 0.01375
0 0.5126811594202898 0.5025 0.010869565217391304 0.015
0 0.7264492753623188 0.51375 0.009963768115942028 0.01375
0 0.8885869565217391 0.515 0.009963768115942028 0.01375
0 0.8695652173913043 0.53125 0.009963768115942028 0.01375
0 0.5561594202898551 0.5325 0.009963768115942028 0.01375
0 0.6721014492753623 0.5475 0.009963768115942028 0.01375
0 0.25 0.59375 0.009963768115942028 0.01375
0 0.4057971014492754 0.6925 0.009963768115942028 0.01375
0 0.3079710144927536 0.75125 0.009963768115942028 0.01375
0 0.8994565217391305 0.89 0.009963768115942028 0.01375
0 0.6802536231884058 0.91 0.009963768115942028 0.01375
