0 0.5452898550724637 0.06 0.010869565217391304 0.015
0 0.6811594202898551 0.075 0.010869565217391304 0.015
0 0.5507246376811594 0.09625 0.009963768115942028 0.01375
0 0.6041666666666666 0.14125 0.009963768115942028 0.01375
0 0.6739130434782609 0.27375 0.009963768115942028 0.01375
0 0.5643115942028986 0.2925 0.010869565217391304 0.015
0 0.42481884057971014 0.35 0.009963768115942028 0.01375
0 0.552536231884058 0.35 0.010869565217391304 0.015
0 0.34057971014492755 0.38875 0.009963768115942028 0.01375
0 0.5452898550724637 0.4425 0.009963768115942028 0.01375
0 0.24003623188405798 0.45 0.009963768115942028 0.01375
0 0.5398550724637681 0.52 0.009963768115942028 0.01375
0 0.7092391304347826 0.5275 0.010869565217391304 0.015
0 0.6648550724637681 0.53625 0.009963768115942028 0.01375
0 0.24456521739130435 0.5925 0.009963768115942028 0.01375
0 0.38405797101449274 0.7025 0.009963768115942028 0.01375
0 0.30978260869565216 0.7625 0.010869565217391304 0.015
0 0.6829710144927537 0.93125 0.010869565217391304 0.015
