0 0.5498188405797102 0.05375 0.010869565217391304 0.015
0 0.6884057971014492 0.06125 0.009963768115942028 0.01375
0 0.5588768115942029 0.1025 0.009963768115942028 0.01375
0 0.20018115942028986 0.14875 0.010869565217391304 0.015
0 0.6059782608695652 0.15125 0.010869565217391304 0.015
0 0.6739130434782609 0.27375 0.009963768115942028 0.01375
0 0.5661231884057971 0.29 0.010869565217391304 0.015
0 0.43478260869565216 0.34625 0.009963768115942028 0.01375
0 0.5543478260869565 0.35 0.009963768115942028 0.01375
0 0.33967391304347827 0.38875 0.009963768115942028 0.01375
0 0.24728260869565216 0.4425 0.009963768115942028 0.01375
0 0.5489130434782609 0.44875 0.010869565217391304 0.015
0 0.4936594202898551 0.4725 0.009963768115942028 0.01375
0 0.5027173913043478 0.5 0.009963768115942028 0.01375
0 0.7137681159420289 0.52625 0.009963768115942028 0.01375
0 0.542572463768116 0.52875 0.009963768115942028 0.01375
0 0.6666666666666666 0.54125 0.009963768115942028 0.01375
0 0.24547101449275363 0.59875 0.009963768115942028 0.01375
0 0.39221014492753625 0.7025 0.009963768115942028 0.01375
0 0.30434782608695654 0.75875 0.009963768115942028 0.01375
0 0.3052536231884058 0.75875 0.009963768115942028 0.01375
0 0.6793478260869565 0.92625 0.010869565217391304 0.015
