0 0.5452898550724637 0.06 0.009963768115942028 0.01375
0 0.6784420289855072 0.0775 0.009963768115942028 0.01375
0 0.5552536231884058 0.0925 0.009963768115942028 0.01375
0 0.6005434782608695 0.12625 0.010869565217391304 0.015
0 0.6748188405797102 0.27375 0.009963768115942028 0.01375
0 0.5661231884057971 0.295 0.009963768115942028 0.01375
0 0.4166666666666667 0.34625 0.010869565217391304 0.015
0 0.552536231884058 0.3525 0.009963768115942028 0.01375
0 0.3496376811594203 0.38125 0.010869565217391304 0.015
0 0.23822463768115942 0.45125 0.009963768115942028 0.01375
0 0.5480072463768116 0.4525 0.009963768115942028 0.01375
0 0.5407608695652174 0.51375 0.010869565217391304 0.015
0 0.707427536231884 0.52625 0.009963768115942028 0.01375
0 0.6721014492753623 0.53 0.010869565217391304 0.015
0 0.24456521739130435 0.585 0.009963768115942028 0.01375
0 0.3804347826086957 0.70125 0.009963768115942028 0.01375
0 0.3804347826086957 0.7025 0.009963768115942028 0.01375
0 0.3115942028985507 0.76875 0.009963768115942028 0.01375
0 0.6802536231884058 0.9475 0.009963768115942028 0.01375
0 0.6802536231884058 0.98375 0.009963768115942028 0.01375
