0 0.5452898550724637 0.065 0.010869565217391304 0.015
0 0.6793478260869565 0.07375 0.010869565217391304 0.015
0 0.5516304347826086 0.08125 0.009963768115942028 0.01375
0 0.6014492753623188 0.12125 0.009963768115942028 0.01375
0 0.6766304347826086 0.27 0.009963768115942028 0.01375
0 0.5625 0.295 0.010869565217391304 0.015
0 0.5552536231884058 0.345 0.009963768115942028 0.01375
0 0.411231884057971 0.34875 0.009963768115942028 0.01375
0 0.3541666666666667 0.37625 0.009963768115942028 0.01375
0 0.35507246376811596 0.37625 0.009963768115942028 0.01375
0 0.23731884057971014 0.4525 0.010869565217391304 0.015
0 0.23822463768115942 0.4525 0.009963768115942028 0.01375
0 0.2391304347826087 0.4525 0.010869565217391304 0.015
0 0.5480072463768116 0.4575 0.009963768115942028 0.01375
0 0.5398550724637681 0.50125 0.010869565217391304 0.015
0 0.7019927536231884 0.52625 0.009963768115942028 0.01375
0 0.6793478260869565 0.52875 0.010869565217391304 0.015
0 0.24818840579710144 0.5725 0.010869565217391304 0.015
0 0.3822463768115942 0.69875 0.010869565217391304 0.015
0 0.31431159420289856 0.7625 0.010869565217391304 0.015
