0 0.677536231884058 0.07375 0.010869565217391304 0.015
0 0.6032608695652174 0.10375 0.009963768115942028 0.01375
0 0.6766304347826086 0.265 0.009963768115942028 0.01375
0 0.5606884057971014 0.30125 0.010869565217391304 0.015
0 0.5570652173913043 0.33625 0.009963768115942028 0.01375
0 0.40942028985507245 0.35 0.009963768115942028 0.01375
0 0.358695652173913 0.37375 0.009963768115942028 0.01375
0 0.23731884057971014 0.45375 0.009963768115942028 0.01375
0 0.5489130434782609 0.45625 0.010869565217391304 0.015
0 0.5434782608695652 0.485 0.009963768115942028 0.01375
0 0.24547101449275363 0.56375 0.010869565217391304 0.015
0 0.3759057971014493 0.7025 0.010869565217391304 0.015
0 0.32155797101449274 0.755 0.009963768115942028 0.01375
0 0.32155797101449274 0.75625 0.009963768115942028 0.01375
