0 0.855072463768116 0.02375 0.009963768115942028 0.01375
0 0.509963768115942 0.03 0.009963768115942028 0.01375
0 0.3541666666666667 0.0325 0.010869565217391304 0.015
0 0.38315217391304346 0.0325 0.010869565217391304 0.015
0 0.6195652173913043 0.03875 0.010869565217391304 0.015
0 0.6204710144927537 0.03875 0.009963768115942028 0.01375
0 0.8469202898550725 0.0525 0.009963768115942028 0.01375
0 0.41032608695652173 0.0725 0.009963768115942028 0.01375
0 0.3804347826086957 0.095 0.010869565217391304 0.015
0 0.8306159420289855 0.0975 0.010869565217391304 0.015
0 0.36231884057971014 0.09875 0.010869565217391304 0.015
0 0.33242753623188404 0.105 0.009963768115942028 0.01375
0 0.47101449275362317 0.1075 0.010869565217391304 0.015
0 0.8858695652173914 0.11375 0.009963768115942028 0.01375
0 0.27898550724637683 0.115 0.010869565217391304 0.015
0 0.7264492753623188 0.1175 0.010869565217391304 0.015
0 0.23731884057971014 0.11875 0.009963768115942028 0.01375
0 0.25271739130434784 0.12625 0.009963768115942028 0.01375
0 0.8405797101449275 0.13875 0.010869565217391304 0.015
0 0.7436594202898551 0.145 0.010869565217391304 0.015
0 0.904891304347826 0.14625 0.009963768115942028 0.01375
0 0.8405797101449275 0.15125 0.009963768115942028 0.01375
0 0.4990942028985507 0.16 0.010869565217391304 0.015
0 0.3903985507246377 0.17 0.010869565217391304 0.015
0 0.9338768115942029 0.17125 0.010869565217391304 0.015
0 0.5416666666666666 0.18875 0.009963768115942028 0.01375
0 0.8523550724637681 0.2 0.010869565217391304 0.015
0 0.37318840579710144 0.20625 0.009963768115942028 0.01375
0 0.9184782608695652 0.215 0.010869565217391304 0.015
0 0.6132246376811594 0.2225 0.009963768115942028 0.01375
0 0.8523550724637681 0.2275 0.009963768115942028 0.01375
0 0.16666666666666666 0.23 0.009963768115942028 0.01375
0 0.634963768115942 0.24 0.010869565217391304 0.015
0 0.43478260869565216 0.2675 0.009963768115942028 0.01375
0 0.44565217391304346 0.2675 0.009963768115942028 0.01375
0 0.9157608695652174 0.27125 0.010869565217391304 0.015
0 0.27807971014492755 0.275 0.009963768115942028 0.01375
0 0.35688405797101447 0.2875 0.009963768115942028 0.01375
0 0.35778985507246375 0.2875 0.010869565217391304 0.015
0 0.9130434782608695 0.2875 0.009963768115942028 0.01375
0 0.473731884057971 0.28875 0.010869565217391304 0.015
0 0.13949275362318841 0.30625 0.009963768115942028 0.01375
0 0.8994565217391305 0.31 0.009963768115942028 0.01375
0 0.45742753623188404 0.3275 0.009963768115942028 0.01375
0 0.338768115942029 0.33 0.009963768115942028 0.01375
0 0.14945652173913043 0.33125 0.009963768115942028 0.01375
0 0.21829710144927536 0.335 0.010869565217391304 0.015
0 0.2028985507246377 0.33625 0.009963768115942028 0.01375
0 0.802536231884058 0.34125 0.009963768115942028 0.01375
0 0.1585144927536232 0.3525 0.009963768115942028 0.01375
0 0.7101449275362319 0.355 0.010869565217391304 0.015
0 0.7192028985507246 0.35625 0.010869565217391304 0.015
0 0.33242753623188404 0.37 0.009963768115942028 0.01375
0 0.5353260869565217 0.37 0.009963768115942028 0.01375
0 0.5434782608695652 0.37375 0.010869565217391304 0.015
0 0.7527173913043478 0.37375 0.010869565217391304 0.015
0 0.875 0.37375 0.009963768115942028 0.01375
0 0.4148550724637681 0.3775 0.010869565217391304 0.015
0 0.2418478260869565 0.38375 0.009963768115942028 0.01375
0 0.5 0.39375 0.009963768115942028 0.01375
0 0.5634057971014492 0.4 0.009963768115942028 0.01375
0 0.7355072463768116 0.40125 0.009963768115942028 0.01375
0 0.24456521739130435 0.4025 0.009963768115942028 0.01375
0 0.7889492753623188 0.41125 0.010869565217391304 0.015
0 0.4257246376811594 0.4175 0.009963768115942028 0.01375
0 0.9239130434782609 0.42125 0.009963768115942028 0.01375
0 0.5289855072463768 0.43625 0.009963768115942028 0.01375
0 0.9465579710144928 0.43625 0.010869565217391304 0.015
0 0.5452898550724637 0.445 0.009963768115942028 0.01375
0 0.2717391304347826 0.46625 0.009963768115942028 0.01375
0 0.9565217391304348 0.48375 0.009963768115942028 0.01375
0 0.7980072463768116 0.4925 0.010869565217391304 0.015
0 0.15760869565217392 0.50375 0.010869565217391304 0.015
0 0.5090579710144928 0.505 0.010869565217391304 0.015
0 0.2056159420289855 0.50875 0.010869565217391304 0.015
0 0.35688405797101447 0.50875 0.010869565217391304 0.015
0 0.18931159420289856 0.5125 0.010869565217391304 0.015
0 0.5706521739130435 0.51375 0.009963768115942028 0.01375
0 0.9637681159420289 0.515 0.010869565217391304 0.015
0 0.9855072463768116 0.51875 0.009963768115942028 0.01375
0 0.5960144927536232 0.52 0.009963768115942028 0.01375
0 0.17028985507246377 0.52125 0.009963768115942028 0.01375
0 0.13949275362318841 0.5225 0.010869565217391304 0.015
0 0.36594202898550726 0.5225 0.009963768115942028 0.01375
0 0.6240942028985508 0.5425 0.009963768115942028 0.01375
0 0.8333333333333334 0.545 0.010869565217391304 0.015
0 0.2391304347826087 0.555 0.009963768115942028 0.01375
0 0.5054347826086957 0.55875 0.009963768115942028 0.01375
0 0.4230072463768116 0.56125 0.010869565217391304 0.015
0 0.1947463768115942 0.56625 0.010869565217391304 0.015
0 0.5144927536231884 0.57125 0.009963768115942028 0.01375
0 0.3079710144927536 0.57375 0.010869565217391304 0.015
0 0.4519927536231884 0.58125 0.009963768115942028 0.01375
0 0.15942028985507245 0.58625 0.010869565217391304 0.015
0 0.5054347826086957 0.5875 0.010869565217391304 0.015
0 0.48641304347826086 0.59375 0.010869565217391304 0.015
0 0.41304347826086957 0.5975 0.009963768115942028 0.01375
0 0.9501811594202898 0.6075 0.010869565217391304 0.015
0 0.1585144927536232 0.6125 0.009963768115942028 0.01375
0 0.9039855072463768 0.6125 0.009963768115942028 0.01375
0 0.24909420289855072 0.61625 0.009963768115942028 0.01375
0 0.8822463768115942 0.6175 0.009963768115942028 0.01375
0 0.296195652173913 0.63375 0.010869565217391304 0.015
0 0.6476449275362319 0.6375 0.009963768115942028 0.01375
0 0.41757246376811596 0.64 0.010869565217391304 0.015
0 0.42481884057971014 0.64 0.009963768115942028 0.01375
0 0.16847826086956522 0.67125 0.009963768115942028 0.01375
0 0.3713768115942029 0.6725 0.010869565217391304 0.015
0 0.6096014492753623 0.68125 0.009963768115942028 0.01375
0 0.4945652173913043 0.685 0.009963768115942028 0.01375
0 0.18568840579710144 0.695 0.009963768115942028 0.01375
0 0.8378623188405797 0.7075 0.010869565217391304 0.015
0 0.8387681159420289 0.7075 0.010869565217391304 0.015
0 0.9692028985507246 0.71375 0.009963768115942028 0.01375
0 0.4257246376811594 0.7225 0.009963768115942028 0.01375
0 0.411231884057971 0.72375 0.010869565217391304 0.015
0 0.4628623188405797 0.72875 0.009963768115942028 0.01375
0 0.38858695652173914 0.73125 0.009963768115942028 0.01375
0 0.47101449275362317 0.7325 0.009963768115942028 0.01375
0 0.22554347826086957 0.7375 0.009963768115942028 0.01375
0 0.4528985507246377 0.74125 0.009963768115942028 0.01375
0 0.5226449275362319 0.7425 0.009963768115942028 0.01375
0 0.46467391304347827 0.75125 0.010869565217391304 0.015
0 0.8269927536231884 0.7525 0.010869565217391304 0.015
0 0.24909420289855072 0.7575 0.009963768115942028 0.01375
0 0.8668478260869565 0.76875 0.010869565217391304 0.015
0 0.28442028985507245 0.785 0.009963768115942028 0.01375
0 0.9257246376811594 0.79 0.009963768115942028 0.01375
0 0.48641304347826086 0.79125 0.009963768115942028 0.01375
0 0.6983695652173914 0.80375 0.010869565217391304 0.015
0 0.6385869565217391 0.81625 0.009963768115942028 0.01375
0 0.42481884057971014 0.825 0.010869565217391304 0.015
0 0.8306159420289855 0.8375 0.010869565217391304 0.015
0 0.24003623188405798 0.845 0.009963768115942028 0.01375
0 0.2653985507246377 0.84625 0.009963768115942028 0.01375
0 0.4157608695652174 0.84875 0.010869565217391304 0.015
0 0.46557971014492755 0.85125 0.009963768115942028 0.01375
0 0.7192028985507246 0.8625 0.009963768115942028 0.01375
0 0.8206521739130435 0.87125 0.009963768115942028 0.01375
0 0.5570652173913043 0.8725 0.009963768115942028 0.01375
0 0.8043478260869565 0.88125 0.009963768115942028 0.01375
0 0.5978260869565217 0.88375 0.010869565217391304 0.015
0 0.6829710144927537 0.88875 0.010869565217391304 0.015
0 0.7092391304347826 0.89125 0.009963768115942028 0.01375
0 0.7871376811594203 0.9 0.010869565217391304 0.015
0 0.46648550724637683 0.90375 0.009963768115942028 0.01375
0 0.41304347826086957 0.91 0.010869565217391304 0.015
0 0.44021739130434784 0.93125 0.009963768115942028 0.01375
0 0.490036231884058 0.94375 0.010869565217391304 0.015
0 0.39492753623188404 0.9675 0.010869565217391304 0.015
0 0.5018115942028986 0.97 0.009963768115942028 0.01375
0 0.5027173913043478 0.97 0.009963768115942028 0.01375
0 0.6838768115942029 0.97 0.009963768115942028 0.01375
0 0.8251811594202898 0.9725 0.009963768115942028 0.01375
