0 0.3442028985507246 0.02 0.010869565217391304 0.015
0 0.3858695652173913 0.02375 0.009963768115942028 0.01375
0 0.5018115942028986 0.025 0.009963768115942028 0.01375
0 0.3976449275362319 0.07625 0.009963768115942028 0.01375
0 0.33152173913043476 0.0925 0.009963768115942028 0.01375
0 0.48007246376811596 0.09625 0.009963768115942028 0.01375
0 0.26992753623188404 0.09875 0.010869565217391304 0.015
0 0.5054347826086957 0.15125 0.009963768115942028 0.01375
0 0.5289855072463768 0.1775 0.009963768115942028 0.01375
0 0.9230072463768116 0.23125 0.009963768115942028 0.01375
0 0.17572463768115942 0.23375 0.009963768115942028 0.01375
0 0.7644927536231884 0.2575 0.010869565217391304 0.015
0 0.26811594202898553 0.27 0.009963768115942028 0.01375
0 0.9003623188405797 0.29 0.009963768115942028 0.01375
0 0.3496376811594203 0.295 0.009963768115942028 0.01375
0 0.8016304347826086 0.3275 0.010869565217391304 0.015
0 0.7436594202898551 0.3775 0.009963768115942028 0.01375
0 0.8695652173913043 0.3775 0.010869565217391304 0.015
0 0.5398550724637681 0.39 0.009963768115942028 0.01375
0 0.4990942028985507 0.3925 0.009963768115942028 0.01375
0 0.7753623188405797 0.40375 0.010869565217391304 0.015
0 0.5461956521739131 0.42625 0.009963768115942028 0.01375
0 0.5153985507246377 0.44375 0.010869565217391304 0.015
0 0.26358695652173914 0.465 0.009963768115942028 0.01375
0 0.7943840579710145 0.4775 0.010869565217391304 0.015
0 0.509963768115942 0.5025 0.009963768115942028 0.01375
0 0.572463768115942 0.51125 0.009963768115942028 0.01375
0 0.5842391304347826 0.52375 0.010869565217391304 0.015
0 0.1621376811594203 0.53625 0.009963768115942028 0.01375
0 0.605072463768116 0.54125 0.010869565217391304 0.015
0 0.42844202898550726 0.55875 0.009963768115942028 0.01375
0 0.22644927536231885 0.5675 0.009963768115942028 0.01375
0 0.6394927536231884 0.5725 0.009963768115942028 0.01375
0 0.4338768115942029 0.57375 0.010869565217391304 0.015
0 0.15760869565217392 0.58 0.009963768115942028 0.01375
0 0.21014492753623187 0.58 0.010869565217391304 0.015
0 0.3115942028985507 0.58 0.009963768115942028 0.01375
0 0.9094202898550725 0.60125 0.009963768115942028 0.01375
0 0.8795289855072463 0.605 0.010869565217391304 0.015
0 0.2418478260869565 0.60875 0.009963768115942028 0.01375
0 0.21195652173913043 0.62 0.009963768115942028 0.01375
0 0.6331521739130435 0.62875 0.009963768115942028 0.01375
0 0.2907608695652174 0.63375 0.009963768115942028 0.01375
0 0.3632246376811594 0.66 0.009963768115942028 0.01375
0 0.6005434782608695 0.6725 0.009963768115942028 0.01375
0 0.6005434782608695 0.67375 0.009963768115942028 0.01375
0 0.4384057971014493 0.70125 0.010869565217391304 0.015
0 0.9782608695652174 0.70875 0.009963768115942028 0.01375
0 0.9791666666666666 0.70875 0.009963768115942028 0.01375
0 0.8315217391304348 0.71125 0.009963768115942028 0.01375
0 0.42934782608695654 0.73 0.009963768115942028 0.01375
0 0.22916666666666666 0.74125 0.009963768115942028 0.01375
0 0.509963768115942 0.7425 0.009963768115942028 0.01375
0 0.8297101449275363 0.74375 0.009963768115942028 0.01375
0 0.2463768115942029 0.7525 0.009963768115942028 0.01375
0 0.8777173913043478 0.77 0.009963768115942028 0.01375
0 0.27445652173913043 0.7725 0.009963768115942028 0.01375
0 0.4882246376811594 0.7925 0.009963768115942028 0.01375
0 0.6394927536231884 0.8075 0.009963768115942028 0.01375
0 0.4701086956521739 0.855 0.009963768115942028 0.01375
0 0.2463768115942029 0.87125 0.010869565217391304 0.015
0 0.45108695652173914 0.89375 0.009963768115942028 0.01375
0 0.40398550724637683 0.915 0.009963768115942028 0.01375
0 0.4266304347826087 0.92875 0.010869565217391304 0.015
0 0.822463768115942 0.95875 0.009963768115942028 0.01375
0 0.42934782608695654 0.9675 0.009963768115942028 0.01375
0 0.5942028985507246 0.9725 0.009963768115942028 0.01375
