0 0.6177536231884058 0.02125 0.010869565217391304 0.015
0 0.3451086956521739 0.025 0.009963768115942028 0.01375
0 0.5054347826086957 0.025 0.009963768115942028 0.01375
0 0.384963768115942 0.02625 0.010869565217391304 0.015
0 0.8405797101449275 0.0525 0.009963768115942028 0.01375
0 0.8396739130434783 0.06875 0.009963768115942028 0.01375
0 0.40398550724637683 0.07375 0.010869565217391304 0.015
0 0.33242753623188404 0.09875 0.009963768115942028 0.01375
0 0.4782608695652174 0.105 0.009963768115942028 0.01375
0 0.2753623188405797 0.1075 0.009963768115942028 0.01375
0 0.8831521739130435 0.11125 0.009963768115942028 0.01375
0 0.7291666666666666 0.1275 0.009963768115942028 0.01375
0 0.8931159420289855 0.1325 0.010869565217391304 0.015
0 0.7409420289855072 0.14125 0.009963768115942028 0.01375
0 0.5018115942028986 0.15375 0.009963768115942028 0.01375
0 0.9411231884057971 0.16 0.009963768115942028 0.01375
0 0.532608695652174 0.185 0.009963768115942028 0.01375
0 0.9193840579710145 0.22 0.009963768115942028 0.01375
0 0.16847826086956522 0.2325 0.010869565217391304 0.015
0 0.16847826086956522 0.23375 0.009963768115942028 0.01375
0 0.7726449275362319 0.25 0.010869565217391304 0.015
0 0.27355072463768115 0.275 0.010869565217391304 0.015
0 0.3523550724637681 0.29 0.009963768115942028 0.01375
0 0.4692028985507246 0.29375 0.009963768115942028 0.01375
0 0.9021739130434783 0.29625 0.009963768115942028 0.01375
0 0.1403985507246377 0.3025 0.009963768115942028 0.01375
0 0.46195652173913043 0.3125 0.009963768115942028 0.01375
0 0.338768115942029 0.3325 0.009963768115942028 0.01375
0 0.8043478260869565 0.335 0.009963768115942028 0.01375
0 0.33152173913043476 0.35375 0.009963768115942028 0.01375
0 0.8722826086956522 0.375 0.009963768115942028 0.01375
0 0.7481884057971014 0.37875 0.009963768115942028 0.01375
0 0.4121376811594203 0.38 0.010869565217391304 0.015
0 0.5480072463768116 0.38875 0.009963768115942028 0.01375
0 0.4963768115942029 0.3925 0.009963768115942028 0.01375
0 0.42028985507246375 0.39625 0.009963768115942028 0.01375
0 0.7807971014492754 0.405 0.009963768115942028 0.01375
0 0.9221014492753623 0.4225 0.009963768115942028 0.01375
0 0.9365942028985508 0.42875 0.009963768115942028 0.01375
0 0.5480072463768116 0.4325 0.009963768115942028 0.01375
0 0.5226449275362319 0.44375 0.009963768115942028 0.01375
0 0.2708333333333333 0.4625 0.010869565217391304 0.015
0 0.7961956521739131 0.48625 0.009963768115942028 0.01375
0 0.5081521739130435 0.50125 0.009963768115942028 0.01375
0 0.5679347826086957 0.5075 0.009963768115942028 0.01375
0 0.14130434782608695 0.51125 0.009963768115942028 0.01375
0 0.151268115942029 0.51125 0.010869565217391304 0.015
0 0.592391304347826 0.51875 0.009963768115942028 0.01375
0 0.17028985507246377 0.52375 0.009963768115942028 0.01375
0 0.6141304347826086 0.54125 0.009963768115942028 0.01375
0 0.2346014492753623 0.56 0.009963768115942028 0.01375
0 0.41757246376811596 0.56125 0.009963768115942028 0.01375
0 0.6413043478260869 0.5725 0.009963768115942028 0.01375
0 0.21105072463768115 0.575 0.010869565217391304 0.015
0 0.4438405797101449 0.575 0.009963768115942028 0.01375
0 0.3052536231884058 0.58 0.010869565217391304 0.015
0 0.16032608695652173 0.5825 0.009963768115942028 0.01375
0 0.4057971014492754 0.595 0.009963768115942028 0.01375
0 0.9057971014492754 0.6075 0.010869565217391304 0.015
0 0.24547101449275363 0.60875 0.009963768115942028 0.01375
0 0.8777173913043478 0.60875 0.009963768115942028 0.01375
0 0.21014492753623187 0.62125 0.009963768115942028 0.01375
0 0.4166666666666667 0.62875 0.009963768115942028 0.01375
0 0.6394927536231884 0.62875 0.009963768115942028 0.01375
0 0.29257246376811596 0.63125 0.009963768115942028 0.01375
0 0.36231884057971014 0.65875 0.009963768115942028 0.01375
0 0.6077898550724637 0.67625 0.009963768115942028 0.01375
0 0.44565217391304346 0.7 0.009963768115942028 0.01375
0 0.9755434782608695 0.71 0.009963768115942028 0.01375
0 0.832427536231884 0.7125 0.009963768115942028 0.01375
0 0.4302536231884058 0.72375 0.009963768115942028 0.01375
0 0.22735507246376813 0.7375 0.009963768115942028 0.01375
0 0.5181159420289855 0.7375 0.009963768115942028 0.01375
0 0.8278985507246377 0.74625 0.010869565217391304 0.015
0 0.24909420289855072 0.75625 0.009963768115942028 0.01375
0 0.8686594202898551 0.76875 0.010869565217391304 0.015
0 0.2798913043478261 0.775 0.009963768115942028 0.01375
0 0.2798913043478261 0.77625 0.010869565217391304 0.015
0 0.483695652173913 0.78875 0.010869565217391304 0.015
0 0.9057971014492754 0.79 0.009963768115942028 0.01375
0 0.6340579710144928 0.81125 0.009963768115942028 0.01375
0 0.697463768115942 0.82125 0.009963768115942028 0.01375
0 0.8206521739130435 0.8325 0.010869565217391304 0.015
0 0.4673913043478261 0.845 0.010869565217391304 0.015
0 0.720108695652174 0.84625 0.009963768115942028 0.01375
0 0.2545289855072464 0.85625 0.009963768115942028 0.01375
0 0.8206521739130435 0.86375 0.009963768115942028 0.01375
0 0.5625 0.87 0.009963768115942028 0.01375
0 0.7028985507246377 0.8825 0.009963768115942028 0.01375
0 0.6856884057971014 0.885 0.009963768115942028 0.01375
0 0.582427536231884 0.8875 0.009963768115942028 0.01375
0 0.45561594202898553 0.89625 0.010869565217391304 0.015
0 0.411231884057971 0.90875 0.010869565217391304 0.015
0 0.43568840579710144 0.92875 0.010869565217391304 0.015
0 0.4365942028985507 0.96125 0.009963768115942028 0.01375
0 0.8233695652173914 0.96375 0.010869565217391304 0.015
0 0.3867753623188406 0.975 0.009963768115942028 0.01375
0 0.5978260869565217 0.98 0.009963768115942028 0.01375
0 0.677536231884058 0.98125 0.010869565217391304 0.015
