0 0.384963768115942 0.02375 0.009963768115942028 0.01375
0 0.4990942028985507 0.02625 0.009963768115942028 0.01375
0 0.38858695652173914 0.08 0.009963768115942028 0.01375
0 0.26268115942028986 0.08625 0.010869565217391304 0.015
0 0.32971014492753625 0.08875 0.009963768115942028 0.01375
0 0.48007246376811596 0.08875 0.010869565217391304 0.015
0 0.18297101449275363 0.23625 0.009963768115942028 0.01375
0 0.9103260869565217 0.255 0.009963768115942028 0.01375
0 0.25905797101449274 0.26625 0.009963768115942028 0.01375
0 0.7690217391304348 0.2775 0.009963768115942028 0.01375
0 0.8985507246376812 0.285 0.010869565217391304 0.015
0 0.3423913043478261 0.30875 0.009963768115942028 0.01375
0 0.7943840579710145 0.31875 0.009963768115942028 0.01375
0 0.8641304347826086 0.37375 0.009963768115942028 0.01375
0 0.5009057971014492 0.3975 0.009963768115942028 0.01375
0 0.5072463768115942 0.44 0.009963768115942028 0.01375
0 0.2536231884057971 0.46625 0.010869565217391304 0.015
0 0.7989130434782609 0.47375 0.009963768115942028 0.01375
0 0.5045289855072463 0.495 0.010869565217391304 0.015
0 0.5914855072463768 0.535 0.009963768115942028 0.01375
0 0.3070652173913043 0.575 0.009963768115942028 0.01375
0 0.6313405797101449 0.575 0.010869565217391304 0.015
0 0.8731884057971014 0.605 0.010869565217391304 0.015
0 0.6240942028985508 0.62875 0.009963768115942028 0.01375
0 0.39311594202898553 0.63 0.009963768115942028 0.01375
0 0.286231884057971 0.63875 0.009963768115942028 0.01375
0 0.3605072463768116 0.65 0.009963768115942028 0.01375
0 0.358695652173913 0.66125 0.009963768115942028 0.01375
0 0.5978260869565217 0.665 0.009963768115942028 0.01375
0 0.4384057971014493 0.70125 0.009963768115942028 0.01375
0 0.4257246376811594 0.73 0.009963768115942028 0.01375
0 0.4954710144927536 0.7425 0.010869565217391304 0.015
0 0.26358695652173914 0.75875 0.010869565217391304 0.015
0 0.4855072463768116 0.78375 0.009963768115942028 0.01375
0 0.6394927536231884 0.8175 0.009963768115942028 0.01375
0 0.46105072463768115 0.86875 0.009963768115942028 0.01375
0 0.45108695652173914 0.88 0.009963768115942028 0.01375
0 0.40398550724637683 0.90875 0.009963768115942028 0.01375
0 0.41938405797101447 0.92 0.009963768115942028 0.01375
0 0.822463768115942 0.95375 0.010869565217391304 0.015
0 0.5896739130434783 0.9625 0.010869565217391304 0.015
0 0.42391304347826086 0.9675 0.010869565217391304 0.015
