0 0.4990942028985507 0.02 0.009963768115942028 0.01375
0 0.3894927536231884 0.03 0.009963768115942028 0.01375
0 0.3958333333333333 0.08 0.009963768115942028 0.01375
0 0.26721014492753625 0.09125 0.009963768115942028 0.01375
0 0.33061594202898553 0.09125 0.009963768115942028 0.01375
0 0.48188405797101447 0.09375 0.009963768115942028 0.01375
0 0.5108695652173914 0.15875 0.010869565217391304 0.015
0 0.5190217391304348 0.1675 0.009963768115942028 0.01375
0 0.1793478260869565 0.23375 0.010869565217391304 0.015
0 0.9148550724637681 0.24125 0.009963768115942028 0.01375
0 0.2644927536231884 0.2675 0.009963768115942028 0.01375
0 0.7690217391304348 0.27 0.010869565217391304 0.015
0 0.9021739130434783 0.28625 0.009963768115942028 0.01375
0 0.34692028985507245 0.2975 0.009963768115942028 0.01375
0 0.7971014492753623 0.3225 0.010869565217391304 0.015
0 0.7490942028985508 0.37625 0.010869565217391304 0.015
0 0.865036231884058 0.37625 0.009963768115942028 0.01375
0 0.5009057971014492 0.39125 0.010869565217391304 0.015
0 0.7653985507246377 0.39125 0.010869565217391304 0.015
0 0.5389492753623188 0.41125 0.010869565217391304 0.015
0 0.5108695652173914 0.44125 0.010869565217391304 0.015
0 0.2563405797101449 0.4625 0.010869565217391304 0.015
0 0.7961956521739131 0.475 0.010869565217391304 0.015
0 0.5081521739130435 0.49875 0.009963768115942028 0.01375
0 0.5942028985507246 0.535 0.009963768115942028 0.01375
0 0.15760869565217392 0.55125 0.009963768115942028 0.01375
0 0.6340579710144928 0.57 0.010869565217391304 0.015
0 0.31068840579710144 0.5775 0.009963768115942028 0.01375
0 0.15579710144927536 0.58125 0.010869565217391304 0.015
0 0.875 0.6 0.009963768115942028 0.01375
0 0.2318840579710145 0.61125 0.009963768115942028 0.01375
0 0.21557971014492755 0.62 0.010869565217391304 0.015
0 0.2898550724637681 0.63 0.009963768115942028 0.01375
0 0.6268115942028986 0.6325 0.010869565217391304 0.015
0 0.3596014492753623 0.66125 0.010869565217391304 0.015
0 0.6005434782608695 0.67125 0.009963768115942028 0.01375
0 0.4365942028985507 0.70375 0.009963768115942028 0.01375
0 0.4266304347826087 0.73125 0.010869565217391304 0.015
0 0.5027173913043478 0.745 0.009963768115942028 0.01375
0 0.23822463768115942 0.75 0.010869565217391304 0.015
0 0.2463768115942029 0.75625 0.009963768115942028 0.01375
0 0.2653985507246377 0.7625 0.009963768115942028 0.01375
0 0.4882246376811594 0.78625 0.009963768115942028 0.01375
0 0.6385869565217391 0.8125 0.009963768115942028 0.01375
0 0.4692028985507246 0.86375 0.009963768115942028 0.01375
0 0.45018115942028986 0.88125 0.010869565217391304 0.015
0 0.40307971014492755 0.91 0.009963768115942028 0.01375
0 0.4257246376811594 0.92625 0.009963768115942028 0.01375
0 0.8215579710144928 0.955 0.009963768115942028 0.01375
0 0.5914855072463768 0.96625 0.009963768115942028 0.01375
0 0.427536231884058 0.97125 0.010869565217391304 0.015
