0 0.3541666666666667 0.00875 0.010869565217391304 0.015
0 0.4963768115942029 0.02125 0.009963768115942028 0.01375
0 0.3786231884057971 0.0225 0.010869565217391304 0.015
0 0.38405797101449274 0.0775 0.009963768115942028 0.01375
0 0.2617753623188406 0.07875 0.009963768115942028 0.01375
0 0.4782608695652174 0.08125 0.009963768115942028 0.01375
0 0.33061594202898553 0.08375 0.009963768115942028 0.01375
0 0.19021739130434784 0.2375 0.010869565217391304 0.015
0 0.25 0.26375 0.009963768115942028 0.01375
0 0.7726449275362319 0.2875 0.010869565217391304 0.015
0 0.3378623188405797 0.3075 0.010869565217391304 0.015
0 0.7916666666666666 0.31375 0.010869565217391304 0.015
0 0.8568840579710145 0.3775 0.009963768115942028 0.01375
0 0.5 0.4025 0.009963768115942028 0.01375
0 0.4990942028985507 0.43125 0.009963768115942028 0.01375
0 0.25 0.46625 0.010869565217391304 0.015
0 0.7943840579710145 0.47625 0.009963768115942028 0.01375
0 0.49818840579710144 0.495 0.009963768115942028 0.01375
0 0.5905797101449275 0.53875 0.010869565217391304 0.015
0 0.3016304347826087 0.57625 0.009963768115942028 0.01375
0 0.6286231884057971 0.5775 0.009963768115942028 0.01375
0 0.8686594202898551 0.60125 0.010869565217391304 0.015
0 0.3903985507246377 0.63125 0.010869565217391304 0.015
0 0.6159420289855072 0.63125 0.010869565217391304 0.015
0 0.2826086956521739 0.64375 0.010869565217391304 0.015
0 0.5932971014492754 0.66 0.009963768115942028 0.01375
0 0.35688405797101447 0.6625 0.010869565217391304 0.015
0 0.4375 0.7025 0.009963768115942028 0.01375
0 0.4302536231884058 0.7275 0.009963768115942028 0.01375
0 0.25905797101449274 0.75125 0.010869565217391304 0.015
0 0.49094202898550726 0.75625 0.010869565217391304 0.015
0 0.48188405797101447 0.78125 0.009963768115942028 0.01375
0 0.6367753623188406 0.81625 0.009963768115942028 0.01375
0 0.8206521739130435 0.94875 0.009963768115942028 0.01375
0 0.5878623188405797 0.9575 0.009963768115942028 0.01375
0 0.41938405797101447 0.9825 0.009963768115942028 0.01375
