0 0.35144927536231885 0.01125 0.009963768115942028 0.01375
0 0.3713768115942029 0.02375 0.009963768115942028 0.01375
0 0.4882246376811594 0.02625 0.010869565217391304 0.015
0 0.48097826086956524 0.07 0.009963768115942028 0.01375
0 0.33061594202898553 0.07875 0.009963768115942028 0.01375
0 0.3740942028985507 0.07875 0.009963768115942028 0.01375
0 0.25905797101449274 0.08 0.010869565217391304 0.015
0 0.18931159420289856 0.235 0.010869565217391304 0.015
0 0.24365942028985507 0.26125 0.009963768115942028 0.01375
0 0.3333333333333333 0.31625 0.009963768115942028 0.01375
0 0.8487318840579711 0.37125 0.009963768115942028 0.01375
0 0.7871376811594203 0.47125 0.009963768115942028 0.01375
0 0.24456521739130435 0.4725 0.009963768115942028 0.01375
0 0.49184782608695654 0.4925 0.010869565217391304 0.015
0 0.5860507246376812 0.5425 0.010869565217391304 0.015
0 0.29981884057971014 0.57875 0.010869565217391304 0.015
0 0.6259057971014492 0.58125 0.009963768115942028 0.01375
0 0.8641304347826086 0.59875 0.009963768115942028 0.01375
0 0.6114130434782609 0.62625 0.009963768115942028 0.01375
0 0.3822463768115942 0.635 0.009963768115942028 0.01375
0 0.27807971014492755 0.6525 0.009963768115942028 0.01375
0 0.5914855072463768 0.65375 0.009963768115942028 0.01375
0 0.35778985507246375 0.66 0.010869565217391304 0.015
0 0.35778985507246375 0.665 0.009963768115942028 0.01375
0 0.4320652173913043 0.70875 0.009963768115942028 0.01375
0 0.2563405797101449 0.7425 0.009963768115942028 0.01375
0 0.6322463768115942 0.8175 0.009963768115942028 0.01375
0 0.8197463768115942 0.94625 0.009963768115942028 0.01375
0 0.5860507246376812 0.96125 0.009963768115942028 0.01375
