0 0.4855072463768116 0.0325 0.010869565217391304 0.015
0 0.48007246376811596 0.06375 0.010869565217391304 0.015
0 0.3686594202898551 0.07625 0.010869565217391304 0.015
0 0.2563405797101449 0.08125 0.009963768115942028 0.01375
0 0.3342391304347826 0.08375 0.010869565217391304 0.015
0 0.19384057971014493 0.24 0.009963768115942028 0.01375
0 0.2391304347826087 0.25875 0.010869565217391304 0.015
0 0.33242753623188404 0.3175 0.009963768115942028 0.01375
0 0.845108695652174 0.37375 0.010869565217391304 0.015
0 0.24094202898550723 0.47125 0.009963768115942028 0.01375
0 0.782608695652174 0.47125 0.009963768115942028 0.01375
0 0.48641304347826086 0.495 0.009963768115942028 0.01375
0 0.5806159420289855 0.54875 0.009963768115942028 0.01375
0 0.29438405797101447 0.58 0.010869565217391304 0.015
0 0.6177536231884058 0.58375 0.009963768115942028 0.01375
0 0.8605072463768116 0.6 0.009963768115942028 0.01375
0 0.6023550724637681 0.6325 0.010869565217391304 0.015
0 0.37681159420289856 0.64 0.010869565217391304 0.015
0 0.5815217391304348 0.6475 0.009963768115942028 0.01375
0 0.27355072463768115 0.6575 0.009963768115942028 0.01375
0 0.35778985507246375 0.66125 0.010869565217391304 0.015
0 0.35778985507246375 0.67 0.009963768115942028 0.01375
0 0.2536231884057971 0.73875 0.009963768115942028 0.01375
0 0.6313405797101449 0.82125 0.009963768115942028 0.01375
0 0.8170289855072463 0.94125 0.009963768115942028 0.01375
0 0.8179347826086957 0.94125 0.009963768115942028 0.01375
0 0.582427536231884 0.96375 0.009963768115942028 0.01375
