0 0.25271739130434784 0.07625 0.009963768115942028 0.01375
0 0.35778985507246375 0.08 0.009963768115942028 0.01375
0 0.32971014492753625 0.0825 0.009963768115942028 0.01375
0 0.20108695652173914 0.24125 0.009963768115942028 0.01375
0 0.23731884057971014 0.26 0.009963768115942028 0.01375
0 0.3269927536231884 0.32125 0.010869565217391304 0.015
0 0.8396739130434783 0.3775 0.010869565217391304 0.015
0 0.23641304347826086 0.47375 0.009963768115942028 0.01375
0 0.7789855072463768 0.475 0.009963768115942028 0.01375
0 0.48097826086956524 0.49375 0.010869565217391304 0.015
0 0.5778985507246377 0.55125 0.010869565217391304 0.015
0 0.28894927536231885 0.57875 0.010869565217391304 0.015
0 0.615036231884058 0.585 0.010869565217391304 0.015
0 0.8605072463768116 0.59875 0.010869565217391304 0.015
0 0.5969202898550725 0.63375 0.010869565217391304 0.015
0 0.582427536231884 0.6425 0.010869565217391304 0.015
0 0.26811594202898553 0.6625 0.009963768115942028 0.01375
0 0.35507246376811596 0.6625 0.010869565217391304 0.015
0 0.35688405797101447 0.66875 0.009963768115942028 0.01375
0 0.2536231884057971 0.7325 0.009963768115942028 0.01375
0 0.6259057971014492 0.82625 0.009963768115942028 0.01375
0 0.8161231884057971 0.93875 0.010869565217391304 0.015
0 0.5778985507246377 0.96 0.010869565217391304 0.015
