0 0.25271739130434784 0.075 0.010869565217391304 0.015
0 0.20923913043478262 0.2475 0.009963768115942028 0.01375
0 0.22916666666666666 0.26625 0.010869565217391304 0.015
0 0.3242753623188406 0.32875 0.009963768115942028 0.01375
0 0.8351449275362319 0.38125 0.009963768115942028 0.01375
0 0.7789855072463768 0.47625 0.009963768115942028 0.01375
0 0.23731884057971014 0.485 0.009963768115942028 0.01375
0 0.4773550724637681 0.4875 0.010869565217391304 0.015
0 0.582427536231884 0.5575 0.009963768115942028 0.01375
0 0.2898550724637681 0.57625 0.010869565217391304 0.015
0 0.6114130434782609 0.58625 0.010869565217391304 0.015
0 0.855072463768116 0.59625 0.010869565217391304 0.015
0 0.37318840579710144 0.6475 0.010869565217391304 0.015
0 0.35597826086956524 0.66125 0.010869565217391304 0.015
0 0.26902173913043476 0.67125 0.009963768115942028 0.01375
0 0.35778985507246375 0.67125 0.010869565217391304 0.015
0 0.2509057971014493 0.7225 0.010869565217391304 0.015
0 0.6213768115942029 0.82875 0.009963768115942028 0.01375
0 0.8115942028985508 0.94375 0.010869565217391304 0.015
0 0.5742753623188406 0.9575 0.009963768115942028 0.01375
