0 0.25 0.07 0.010869565217391304 0.015
0 0.322463768115942 0.33125 0.010869565217391304 0.015
0 0.8315217391304348 0.39125 0.009963768115942028 0.01375
0 0.7807971014492754 0.48125 0.010869565217391304 0.015
0 0.47192028985507245 0.48625 0.009963768115942028 0.01375
0 0.23097826086956522 0.48875 0.009963768115942028 0.01375
0 0.5842391304347826 0.56875 0.009963768115942028 0.01375
0 0.2871376811594203 0.57625 0.010869565217391304 0.015
0 0.5969202898550725 0.58375 0.010869565217391304 0.015
0 0.8514492753623188 0.59875 0.009963768115942028 0.01375
0 0.35688405797101447 0.66875 0.010869565217391304 0.015
0 0.2617753623188406 0.68 0.010869565217391304 0.015
0 0.2509057971014493 0.715 0.009963768115942028 0.01375
0 0.6204710144927537 0.84 0.009963768115942028 0.01375
0 0.8143115942028986 0.95 0.009963768115942028 0.01375
0 0.5751811594202898 0.9575 0.010869565217391304 0.015
