0 0.32065217391304346 0.3375 0.009963768115942028 0.01375
0 0.8288043478260869 0.39625 0.010869565217391304 0.015
0 0.4673913043478261 0.485 0.009963768115942028 0.01375
0 0.7753623188405797 0.485 0.009963768115942028 0.01375
0 0.23097826086956522 0.49375 0.009963768115942028 0.01375
0 0.28351449275362317 0.58375 0.009963768115942028 0.01375
0 0.8523550724637681 0.6025 0.009963768115942028 0.01375
0 0.615036231884058 0.845 0.009963768115942028 0.01375
0 0.8097826086956522 0.955 0.009963768115942028 0.01375
0 0.5670289855072463 0.95625 0.009963768115942028 0.01375
